   1.0000000e+00   1.0000000e-05   1.0000000e-05   1.0000000e-05   1.0000000e-05   1.0000000e-05   1.0000000e-05   1.0000000e-05   1.0000000e-05   1.0000000e-05   1.0000000e-05   1.0000000e-05
   6.6666667e-01   3.3333333e-01   1.0000000e-05   1.0000000e-05   1.0000000e-05   1.0000000e-05   1.0000000e-05   1.0000000e-05   1.0000000e-05   1.0000000e-05   1.0000000e-05   1.0000000e-05
   3.3333333e-01   6.6666667e-01   1.0000000e-05   1.0000000e-05   1.0000000e-05   1.0000000e-05   1.0000000e-05   1.0000000e-05   1.0000000e-05   1.0000000e-05   1.0000000e-05   1.0000000e-05
   1.0000000e-05   1.0000000e+00   1.0000000e-05   1.0000000e-05   1.0000000e-05   1.0000000e-05   1.0000000e-05   1.0000000e-05   1.0000000e-05   1.0000000e-05   1.0000000e-05   1.0000000e-05
   6.6666667e-01   1.0000000e-05   3.3333333e-01   1.0000000e-05   1.0000000e-05   1.0000000e-05   1.0000000e-05   1.0000000e-05   1.0000000e-05   1.0000000e-05   1.0000000e-05   1.0000000e-05
   3.3333333e-01   3.3333333e-01   3.3333333e-01   1.0000000e-05   1.0000000e-05   1.0000000e-05   1.0000000e-05   1.0000000e-05   1.0000000e-05   1.0000000e-05   1.0000000e-05   1.0000000e-05
   1.0000000e-05   6.6666667e-01   3.3333333e-01   1.0000000e-05   1.0000000e-05   1.0000000e-05   1.0000000e-05   1.0000000e-05   1.0000000e-05   1.0000000e-05   1.0000000e-05   1.0000000e-05
   3.3333333e-01   1.0000000e-05   6.6666667e-01   1.0000000e-05   1.0000000e-05   1.0000000e-05   1.0000000e-05   1.0000000e-05   1.0000000e-05   1.0000000e-05   1.0000000e-05   1.0000000e-05
   1.0000000e-05   3.3333333e-01   6.6666667e-01   1.0000000e-05   1.0000000e-05   1.0000000e-05   1.0000000e-05   1.0000000e-05   1.0000000e-05   1.0000000e-05   1.0000000e-05   1.0000000e-05
   1.0000000e-05   1.0000000e-05   1.0000000e+00   1.0000000e-05   1.0000000e-05   1.0000000e-05   1.0000000e-05   1.0000000e-05   1.0000000e-05   1.0000000e-05   1.0000000e-05   1.0000000e-05
   6.6666667e-01   1.0000000e-05   1.0000000e-05   3.3333333e-01   1.0000000e-05   1.0000000e-05   1.0000000e-05   1.0000000e-05   1.0000000e-05   1.0000000e-05   1.0000000e-05   1.0000000e-05
   3.3333333e-01   3.3333333e-01   1.0000000e-05   3.3333333e-01   1.0000000e-05   1.0000000e-05   1.0000000e-05   1.0000000e-05   1.0000000e-05   1.0000000e-05   1.0000000e-05   1.0000000e-05
   1.0000000e-05   6.6666667e-01   1.0000000e-05   3.3333333e-01   1.0000000e-05   1.0000000e-05   1.0000000e-05   1.0000000e-05   1.0000000e-05   1.0000000e-05   1.0000000e-05   1.0000000e-05
   3.3333333e-01   1.0000000e-05   3.3333333e-01   3.3333333e-01   1.0000000e-05   1.0000000e-05   1.0000000e-05   1.0000000e-05   1.0000000e-05   1.0000000e-05   1.0000000e-05   1.0000000e-05
   1.0000000e-05   3.3333333e-01   3.3333333e-01   3.3333333e-01   1.0000000e-05   1.0000000e-05   1.0000000e-05   1.0000000e-05   1.0000000e-05   1.0000000e-05   1.0000000e-05   1.0000000e-05
   1.0000000e-05   1.0000000e-05   6.6666667e-01   3.3333333e-01   1.0000000e-05   1.0000000e-05   1.0000000e-05   1.0000000e-05   1.0000000e-05   1.0000000e-05   1.0000000e-05   1.0000000e-05
   3.3333333e-01   1.0000000e-05   1.0000000e-05   6.6666667e-01   1.0000000e-05   1.0000000e-05   1.0000000e-05   1.0000000e-05   1.0000000e-05   1.0000000e-05   1.0000000e-05   1.0000000e-05
   1.0000000e-05   3.3333333e-01   1.0000000e-05   6.6666667e-01   1.0000000e-05   1.0000000e-05   1.0000000e-05   1.0000000e-05   1.0000000e-05   1.0000000e-05   1.0000000e-05   1.0000000e-05
   1.0000000e-05   1.0000000e-05   3.3333333e-01   6.6666667e-01   1.0000000e-05   1.0000000e-05   1.0000000e-05   1.0000000e-05   1.0000000e-05   1.0000000e-05   1.0000000e-05   1.0000000e-05
   1.0000000e-05   1.0000000e-05   1.0000000e-05   1.0000000e+00   1.0000000e-05   1.0000000e-05   1.0000000e-05   1.0000000e-05   1.0000000e-05   1.0000000e-05   1.0000000e-05   1.0000000e-05
   6.6666667e-01   1.0000000e-05   1.0000000e-05   1.0000000e-05   3.3333333e-01   1.0000000e-05   1.0000000e-05   1.0000000e-05   1.0000000e-05   1.0000000e-05   1.0000000e-05   1.0000000e-05
   3.3333333e-01   3.3333333e-01   1.0000000e-05   1.0000000e-05   3.3333333e-01   1.0000000e-05   1.0000000e-05   1.0000000e-05   1.0000000e-05   1.0000000e-05   1.0000000e-05   1.0000000e-05
   1.0000000e-05   6.6666667e-01   1.0000000e-05   1.0000000e-05   3.3333333e-01   1.0000000e-05   1.0000000e-05   1.0000000e-05   1.0000000e-05   1.0000000e-05   1.0000000e-05   1.0000000e-05
   3.3333333e-01   1.0000000e-05   3.3333333e-01   1.0000000e-05   3.3333333e-01   1.0000000e-05   1.0000000e-05   1.0000000e-05   1.0000000e-05   1.0000000e-05   1.0000000e-05   1.0000000e-05
   1.0000000e-05   3.3333333e-01   3.3333333e-01   1.0000000e-05   3.3333333e-01   1.0000000e-05   1.0000000e-05   1.0000000e-05   1.0000000e-05   1.0000000e-05   1.0000000e-05   1.0000000e-05
   1.0000000e-05   1.0000000e-05   6.6666667e-01   1.0000000e-05   3.3333333e-01   1.0000000e-05   1.0000000e-05   1.0000000e-05   1.0000000e-05   1.0000000e-05   1.0000000e-05   1.0000000e-05
   3.3333333e-01   1.0000000e-05   1.0000000e-05   3.3333333e-01   3.3333333e-01   1.0000000e-05   1.0000000e-05   1.0000000e-05   1.0000000e-05   1.0000000e-05   1.0000000e-05   1.0000000e-05
   1.0000000e-05   3.3333333e-01   1.0000000e-05   3.3333333e-01   3.3333333e-01   1.0000000e-05   1.0000000e-05   1.0000000e-05   1.0000000e-05   1.0000000e-05   1.0000000e-05   1.0000000e-05
   1.0000000e-05   1.0000000e-05   3.3333333e-01   3.3333333e-01   3.3333333e-01   1.0000000e-05   1.0000000e-05   1.0000000e-05   1.0000000e-05   1.0000000e-05   1.0000000e-05   1.0000000e-05
   1.0000000e-05   1.0000000e-05   1.0000000e-05   6.6666667e-01   3.3333333e-01   1.0000000e-05   1.0000000e-05   1.0000000e-05   1.0000000e-05   1.0000000e-05   1.0000000e-05   1.0000000e-05
   3.3333333e-01   1.0000000e-05   1.0000000e-05   1.0000000e-05   6.6666667e-01   1.0000000e-05   1.0000000e-05   1.0000000e-05   1.0000000e-05   1.0000000e-05   1.0000000e-05   1.0000000e-05
   1.0000000e-05   3.3333333e-01   1.0000000e-05   1.0000000e-05   6.6666667e-01   1.0000000e-05   1.0000000e-05   1.0000000e-05   1.0000000e-05   1.0000000e-05   1.0000000e-05   1.0000000e-05
   1.0000000e-05   1.0000000e-05   3.3333333e-01   1.0000000e-05   6.6666667e-01   1.0000000e-05   1.0000000e-05   1.0000000e-05   1.0000000e-05   1.0000000e-05   1.0000000e-05   1.0000000e-05
   1.0000000e-05   1.0000000e-05   1.0000000e-05   3.3333333e-01   6.6666667e-01   1.0000000e-05   1.0000000e-05   1.0000000e-05   1.0000000e-05   1.0000000e-05   1.0000000e-05   1.0000000e-05
   1.0000000e-05   1.0000000e-05   1.0000000e-05   1.0000000e-05   1.0000000e+00   1.0000000e-05   1.0000000e-05   1.0000000e-05   1.0000000e-05   1.0000000e-05   1.0000000e-05   1.0000000e-05
   6.6666667e-01   1.0000000e-05   1.0000000e-05   1.0000000e-05   1.0000000e-05   3.3333333e-01   1.0000000e-05   1.0000000e-05   1.0000000e-05   1.0000000e-05   1.0000000e-05   1.0000000e-05
   3.3333333e-01   3.3333333e-01   1.0000000e-05   1.0000000e-05   1.0000000e-05   3.3333333e-01   1.0000000e-05   1.0000000e-05   1.0000000e-05   1.0000000e-05   1.0000000e-05   1.0000000e-05
   1.0000000e-05   6.6666667e-01   1.0000000e-05   1.0000000e-05   1.0000000e-05   3.3333333e-01   1.0000000e-05   1.0000000e-05   1.0000000e-05   1.0000000e-05   1.0000000e-05   1.0000000e-05
   3.3333333e-01   1.0000000e-05   3.3333333e-01   1.0000000e-05   1.0000000e-05   3.3333333e-01   1.0000000e-05   1.0000000e-05   1.0000000e-05   1.0000000e-05   1.0000000e-05   1.0000000e-05
   1.0000000e-05   3.3333333e-01   3.3333333e-01   1.0000000e-05   1.0000000e-05   3.3333333e-01   1.0000000e-05   1.0000000e-05   1.0000000e-05   1.0000000e-05   1.0000000e-05   1.0000000e-05
   1.0000000e-05   1.0000000e-05   6.6666667e-01   1.0000000e-05   1.0000000e-05   3.3333333e-01   1.0000000e-05   1.0000000e-05   1.0000000e-05   1.0000000e-05   1.0000000e-05   1.0000000e-05
   3.3333333e-01   1.0000000e-05   1.0000000e-05   3.3333333e-01   1.0000000e-05   3.3333333e-01   1.0000000e-05   1.0000000e-05   1.0000000e-05   1.0000000e-05   1.0000000e-05   1.0000000e-05
   1.0000000e-05   3.3333333e-01   1.0000000e-05   3.3333333e-01   1.0000000e-05   3.3333333e-01   1.0000000e-05   1.0000000e-05   1.0000000e-05   1.0000000e-05   1.0000000e-05   1.0000000e-05
   1.0000000e-05   1.0000000e-05   3.3333333e-01   3.3333333e-01   1.0000000e-05   3.3333333e-01   1.0000000e-05   1.0000000e-05   1.0000000e-05   1.0000000e-05   1.0000000e-05   1.0000000e-05
   1.0000000e-05   1.0000000e-05   1.0000000e-05   6.6666667e-01   1.0000000e-05   3.3333333e-01   1.0000000e-05   1.0000000e-05   1.0000000e-05   1.0000000e-05   1.0000000e-05   1.0000000e-05
   3.3333333e-01   1.0000000e-05   1.0000000e-05   1.0000000e-05   3.3333333e-01   3.3333333e-01   1.0000000e-05   1.0000000e-05   1.0000000e-05   1.0000000e-05   1.0000000e-05   1.0000000e-05
   1.0000000e-05   3.3333333e-01   1.0000000e-05   1.0000000e-05   3.3333333e-01   3.3333333e-01   1.0000000e-05   1.0000000e-05   1.0000000e-05   1.0000000e-05   1.0000000e-05   1.0000000e-05
   1.0000000e-05   1.0000000e-05   3.3333333e-01   1.0000000e-05   3.3333333e-01   3.3333333e-01   1.0000000e-05   1.0000000e-05   1.0000000e-05   1.0000000e-05   1.0000000e-05   1.0000000e-05
   1.0000000e-05   1.0000000e-05   1.0000000e-05   3.3333333e-01   3.3333333e-01   3.3333333e-01   1.0000000e-05   1.0000000e-05   1.0000000e-05   1.0000000e-05   1.0000000e-05   1.0000000e-05
   1.0000000e-05   1.0000000e-05   1.0000000e-05   1.0000000e-05   6.6666667e-01   3.3333333e-01   1.0000000e-05   1.0000000e-05   1.0000000e-05   1.0000000e-05   1.0000000e-05   1.0000000e-05
   3.3333333e-01   1.0000000e-05   1.0000000e-05   1.0000000e-05   1.0000000e-05   6.6666667e-01   1.0000000e-05   1.0000000e-05   1.0000000e-05   1.0000000e-05   1.0000000e-05   1.0000000e-05
   1.0000000e-05   3.3333333e-01   1.0000000e-05   1.0000000e-05   1.0000000e-05   6.6666667e-01   1.0000000e-05   1.0000000e-05   1.0000000e-05   1.0000000e-05   1.0000000e-05   1.0000000e-05
   1.0000000e-05   1.0000000e-05   3.3333333e-01   1.0000000e-05   1.0000000e-05   6.6666667e-01   1.0000000e-05   1.0000000e-05   1.0000000e-05   1.0000000e-05   1.0000000e-05   1.0000000e-05
   1.0000000e-05   1.0000000e-05   1.0000000e-05   3.3333333e-01   1.0000000e-05   6.6666667e-01   1.0000000e-05   1.0000000e-05   1.0000000e-05   1.0000000e-05   1.0000000e-05   1.0000000e-05
   1.0000000e-05   1.0000000e-05   1.0000000e-05   1.0000000e-05   3.3333333e-01   6.6666667e-01   1.0000000e-05   1.0000000e-05   1.0000000e-05   1.0000000e-05   1.0000000e-05   1.0000000e-05
   1.0000000e-05   1.0000000e-05   1.0000000e-05   1.0000000e-05   1.0000000e-05   1.0000000e+00   1.0000000e-05   1.0000000e-05   1.0000000e-05   1.0000000e-05   1.0000000e-05   1.0000000e-05
   6.6666667e-01   1.0000000e-05   1.0000000e-05   1.0000000e-05   1.0000000e-05   1.0000000e-05   3.3333333e-01   1.0000000e-05   1.0000000e-05   1.0000000e-05   1.0000000e-05   1.0000000e-05
   3.3333333e-01   3.3333333e-01   1.0000000e-05   1.0000000e-05   1.0000000e-05   1.0000000e-05   3.3333333e-01   1.0000000e-05   1.0000000e-05   1.0000000e-05   1.0000000e-05   1.0000000e-05
   1.0000000e-05   6.6666667e-01   1.0000000e-05   1.0000000e-05   1.0000000e-05   1.0000000e-05   3.3333333e-01   1.0000000e-05   1.0000000e-05   1.0000000e-05   1.0000000e-05   1.0000000e-05
   3.3333333e-01   1.0000000e-05   3.3333333e-01   1.0000000e-05   1.0000000e-05   1.0000000e-05   3.3333333e-01   1.0000000e-05   1.0000000e-05   1.0000000e-05   1.0000000e-05   1.0000000e-05
   1.0000000e-05   3.3333333e-01   3.3333333e-01   1.0000000e-05   1.0000000e-05   1.0000000e-05   3.3333333e-01   1.0000000e-05   1.0000000e-05   1.0000000e-05   1.0000000e-05   1.0000000e-05
   1.0000000e-05   1.0000000e-05   6.6666667e-01   1.0000000e-05   1.0000000e-05   1.0000000e-05   3.3333333e-01   1.0000000e-05   1.0000000e-05   1.0000000e-05   1.0000000e-05   1.0000000e-05
   3.3333333e-01   1.0000000e-05   1.0000000e-05   3.3333333e-01   1.0000000e-05   1.0000000e-05   3.3333333e-01   1.0000000e-05   1.0000000e-05   1.0000000e-05   1.0000000e-05   1.0000000e-05
   1.0000000e-05   3.3333333e-01   1.0000000e-05   3.3333333e-01   1.0000000e-05   1.0000000e-05   3.3333333e-01   1.0000000e-05   1.0000000e-05   1.0000000e-05   1.0000000e-05   1.0000000e-05
   1.0000000e-05   1.0000000e-05   3.3333333e-01   3.3333333e-01   1.0000000e-05   1.0000000e-05   3.3333333e-01   1.0000000e-05   1.0000000e-05   1.0000000e-05   1.0000000e-05   1.0000000e-05
   1.0000000e-05   1.0000000e-05   1.0000000e-05   6.6666667e-01   1.0000000e-05   1.0000000e-05   3.3333333e-01   1.0000000e-05   1.0000000e-05   1.0000000e-05   1.0000000e-05   1.0000000e-05
   3.3333333e-01   1.0000000e-05   1.0000000e-05   1.0000000e-05   3.3333333e-01   1.0000000e-05   3.3333333e-01   1.0000000e-05   1.0000000e-05   1.0000000e-05   1.0000000e-05   1.0000000e-05
   1.0000000e-05   3.3333333e-01   1.0000000e-05   1.0000000e-05   3.3333333e-01   1.0000000e-05   3.3333333e-01   1.0000000e-05   1.0000000e-05   1.0000000e-05   1.0000000e-05   1.0000000e-05
   1.0000000e-05   1.0000000e-05   3.3333333e-01   1.0000000e-05   3.3333333e-01   1.0000000e-05   3.3333333e-01   1.0000000e-05   1.0000000e-05   1.0000000e-05   1.0000000e-05   1.0000000e-05
   1.0000000e-05   1.0000000e-05   1.0000000e-05   3.3333333e-01   3.3333333e-01   1.0000000e-05   3.3333333e-01   1.0000000e-05   1.0000000e-05   1.0000000e-05   1.0000000e-05   1.0000000e-05
   1.0000000e-05   1.0000000e-05   1.0000000e-05   1.0000000e-05   6.6666667e-01   1.0000000e-05   3.3333333e-01   1.0000000e-05   1.0000000e-05   1.0000000e-05   1.0000000e-05   1.0000000e-05
   3.3333333e-01   1.0000000e-05   1.0000000e-05   1.0000000e-05   1.0000000e-05   3.3333333e-01   3.3333333e-01   1.0000000e-05   1.0000000e-05   1.0000000e-05   1.0000000e-05   1.0000000e-05
   1.0000000e-05   3.3333333e-01   1.0000000e-05   1.0000000e-05   1.0000000e-05   3.3333333e-01   3.3333333e-01   1.0000000e-05   1.0000000e-05   1.0000000e-05   1.0000000e-05   1.0000000e-05
   1.0000000e-05   1.0000000e-05   3.3333333e-01   1.0000000e-05   1.0000000e-05   3.3333333e-01   3.3333333e-01   1.0000000e-05   1.0000000e-05   1.0000000e-05   1.0000000e-05   1.0000000e-05
   1.0000000e-05   1.0000000e-05   1.0000000e-05   3.3333333e-01   1.0000000e-05   3.3333333e-01   3.3333333e-01   1.0000000e-05   1.0000000e-05   1.0000000e-05   1.0000000e-05   1.0000000e-05
   1.0000000e-05   1.0000000e-05   1.0000000e-05   1.0000000e-05   3.3333333e-01   3.3333333e-01   3.3333333e-01   1.0000000e-05   1.0000000e-05   1.0000000e-05   1.0000000e-05   1.0000000e-05
   1.0000000e-05   1.0000000e-05   1.0000000e-05   1.0000000e-05   1.0000000e-05   6.6666667e-01   3.3333333e-01   1.0000000e-05   1.0000000e-05   1.0000000e-05   1.0000000e-05   1.0000000e-05
   3.3333333e-01   1.0000000e-05   1.0000000e-05   1.0000000e-05   1.0000000e-05   1.0000000e-05   6.6666667e-01   1.0000000e-05   1.0000000e-05   1.0000000e-05   1.0000000e-05   1.0000000e-05
   1.0000000e-05   3.3333333e-01   1.0000000e-05   1.0000000e-05   1.0000000e-05   1.0000000e-05   6.6666667e-01   1.0000000e-05   1.0000000e-05   1.0000000e-05   1.0000000e-05   1.0000000e-05
   1.0000000e-05   1.0000000e-05   3.3333333e-01   1.0000000e-05   1.0000000e-05   1.0000000e-05   6.6666667e-01   1.0000000e-05   1.0000000e-05   1.0000000e-05   1.0000000e-05   1.0000000e-05
   1.0000000e-05   1.0000000e-05   1.0000000e-05   3.3333333e-01   1.0000000e-05   1.0000000e-05   6.6666667e-01   1.0000000e-05   1.0000000e-05   1.0000000e-05   1.0000000e-05   1.0000000e-05
   1.0000000e-05   1.0000000e-05   1.0000000e-05   1.0000000e-05   3.3333333e-01   1.0000000e-05   6.6666667e-01   1.0000000e-05   1.0000000e-05   1.0000000e-05   1.0000000e-05   1.0000000e-05
   1.0000000e-05   1.0000000e-05   1.0000000e-05   1.0000000e-05   1.0000000e-05   3.3333333e-01   6.6666667e-01   1.0000000e-05   1.0000000e-05   1.0000000e-05   1.0000000e-05   1.0000000e-05
   1.0000000e-05   1.0000000e-05   1.0000000e-05   1.0000000e-05   1.0000000e-05   1.0000000e-05   1.0000000e+00   1.0000000e-05   1.0000000e-05   1.0000000e-05   1.0000000e-05   1.0000000e-05
   6.6666667e-01   1.0000000e-05   1.0000000e-05   1.0000000e-05   1.0000000e-05   1.0000000e-05   1.0000000e-05   3.3333333e-01   1.0000000e-05   1.0000000e-05   1.0000000e-05   1.0000000e-05
   3.3333333e-01   3.3333333e-01   1.0000000e-05   1.0000000e-05   1.0000000e-05   1.0000000e-05   1.0000000e-05   3.3333333e-01   1.0000000e-05   1.0000000e-05   1.0000000e-05   1.0000000e-05
   1.0000000e-05   6.6666667e-01   1.0000000e-05   1.0000000e-05   1.0000000e-05   1.0000000e-05   1.0000000e-05   3.3333333e-01   1.0000000e-05   1.0000000e-05   1.0000000e-05   1.0000000e-05
   3.3333333e-01   1.0000000e-05   3.3333333e-01   1.0000000e-05   1.0000000e-05   1.0000000e-05   1.0000000e-05   3.3333333e-01   1.0000000e-05   1.0000000e-05   1.0000000e-05   1.0000000e-05
   1.0000000e-05   3.3333333e-01   3.3333333e-01   1.0000000e-05   1.0000000e-05   1.0000000e-05   1.0000000e-05   3.3333333e-01   1.0000000e-05   1.0000000e-05   1.0000000e-05   1.0000000e-05
   1.0000000e-05   1.0000000e-05   6.6666667e-01   1.0000000e-05   1.0000000e-05   1.0000000e-05   1.0000000e-05   3.3333333e-01   1.0000000e-05   1.0000000e-05   1.0000000e-05   1.0000000e-05
   3.3333333e-01   1.0000000e-05   1.0000000e-05   3.3333333e-01   1.0000000e-05   1.0000000e-05   1.0000000e-05   3.3333333e-01   1.0000000e-05   1.0000000e-05   1.0000000e-05   1.0000000e-05
   1.0000000e-05   3.3333333e-01   1.0000000e-05   3.3333333e-01   1.0000000e-05   1.0000000e-05   1.0000000e-05   3.3333333e-01   1.0000000e-05   1.0000000e-05   1.0000000e-05   1.0000000e-05
   1.0000000e-05   1.0000000e-05   3.3333333e-01   3.3333333e-01   1.0000000e-05   1.0000000e-05   1.0000000e-05   3.3333333e-01   1.0000000e-05   1.0000000e-05   1.0000000e-05   1.0000000e-05
   1.0000000e-05   1.0000000e-05   1.0000000e-05   6.6666667e-01   1.0000000e-05   1.0000000e-05   1.0000000e-05   3.3333333e-01   1.0000000e-05   1.0000000e-05   1.0000000e-05   1.0000000e-05
   3.3333333e-01   1.0000000e-05   1.0000000e-05   1.0000000e-05   3.3333333e-01   1.0000000e-05   1.0000000e-05   3.3333333e-01   1.0000000e-05   1.0000000e-05   1.0000000e-05   1.0000000e-05
   1.0000000e-05   3.3333333e-01   1.0000000e-05   1.0000000e-05   3.3333333e-01   1.0000000e-05   1.0000000e-05   3.3333333e-01   1.0000000e-05   1.0000000e-05   1.0000000e-05   1.0000000e-05
   1.0000000e-05   1.0000000e-05   3.3333333e-01   1.0000000e-05   3.3333333e-01   1.0000000e-05   1.0000000e-05   3.3333333e-01   1.0000000e-05   1.0000000e-05   1.0000000e-05   1.0000000e-05
   1.0000000e-05   1.0000000e-05   1.0000000e-05   3.3333333e-01   3.3333333e-01   1.0000000e-05   1.0000000e-05   3.3333333e-01   1.0000000e-05   1.0000000e-05   1.0000000e-05   1.0000000e-05
   1.0000000e-05   1.0000000e-05   1.0000000e-05   1.0000000e-05   6.6666667e-01   1.0000000e-05   1.0000000e-05   3.3333333e-01   1.0000000e-05   1.0000000e-05   1.0000000e-05   1.0000000e-05
   3.3333333e-01   1.0000000e-05   1.0000000e-05   1.0000000e-05   1.0000000e-05   3.3333333e-01   1.0000000e-05   3.3333333e-01   1.0000000e-05   1.0000000e-05   1.0000000e-05   1.0000000e-05
   1.0000000e-05   3.3333333e-01   1.0000000e-05   1.0000000e-05   1.0000000e-05   3.3333333e-01   1.0000000e-05   3.3333333e-01   1.0000000e-05   1.0000000e-05   1.0000000e-05   1.0000000e-05
   1.0000000e-05   1.0000000e-05   3.3333333e-01   1.0000000e-05   1.0000000e-05   3.3333333e-01   1.0000000e-05   3.3333333e-01   1.0000000e-05   1.0000000e-05   1.0000000e-05   1.0000000e-05
   1.0000000e-05   1.0000000e-05   1.0000000e-05   3.3333333e-01   1.0000000e-05   3.3333333e-01   1.0000000e-05   3.3333333e-01   1.0000000e-05   1.0000000e-05   1.0000000e-05   1.0000000e-05
   1.0000000e-05   1.0000000e-05   1.0000000e-05   1.0000000e-05   3.3333333e-01   3.3333333e-01   1.0000000e-05   3.3333333e-01   1.0000000e-05   1.0000000e-05   1.0000000e-05   1.0000000e-05
   1.0000000e-05   1.0000000e-05   1.0000000e-05   1.0000000e-05   1.0000000e-05   6.6666667e-01   1.0000000e-05   3.3333333e-01   1.0000000e-05   1.0000000e-05   1.0000000e-05   1.0000000e-05
   3.3333333e-01   1.0000000e-05   1.0000000e-05   1.0000000e-05   1.0000000e-05   1.0000000e-05   3.3333333e-01   3.3333333e-01   1.0000000e-05   1.0000000e-05   1.0000000e-05   1.0000000e-05
   1.0000000e-05   3.3333333e-01   1.0000000e-05   1.0000000e-05   1.0000000e-05   1.0000000e-05   3.3333333e-01   3.3333333e-01   1.0000000e-05   1.0000000e-05   1.0000000e-05   1.0000000e-05
   1.0000000e-05   1.0000000e-05   3.3333333e-01   1.0000000e-05   1.0000000e-05   1.0000000e-05   3.3333333e-01   3.3333333e-01   1.0000000e-05   1.0000000e-05   1.0000000e-05   1.0000000e-05
   1.0000000e-05   1.0000000e-05   1.0000000e-05   3.3333333e-01   1.0000000e-05   1.0000000e-05   3.3333333e-01   3.3333333e-01   1.0000000e-05   1.0000000e-05   1.0000000e-05   1.0000000e-05
   1.0000000e-05   1.0000000e-05   1.0000000e-05   1.0000000e-05   3.3333333e-01   1.0000000e-05   3.3333333e-01   3.3333333e-01   1.0000000e-05   1.0000000e-05   1.0000000e-05   1.0000000e-05
   1.0000000e-05   1.0000000e-05   1.0000000e-05   1.0000000e-05   1.0000000e-05   3.3333333e-01   3.3333333e-01   3.3333333e-01   1.0000000e-05   1.0000000e-05   1.0000000e-05   1.0000000e-05
   1.0000000e-05   1.0000000e-05   1.0000000e-05   1.0000000e-05   1.0000000e-05   1.0000000e-05   6.6666667e-01   3.3333333e-01   1.0000000e-05   1.0000000e-05   1.0000000e-05   1.0000000e-05
   3.3333333e-01   1.0000000e-05   1.0000000e-05   1.0000000e-05   1.0000000e-05   1.0000000e-05   1.0000000e-05   6.6666667e-01   1.0000000e-05   1.0000000e-05   1.0000000e-05   1.0000000e-05
   1.0000000e-05   3.3333333e-01   1.0000000e-05   1.0000000e-05   1.0000000e-05   1.0000000e-05   1.0000000e-05   6.6666667e-01   1.0000000e-05   1.0000000e-05   1.0000000e-05   1.0000000e-05
   1.0000000e-05   1.0000000e-05   3.3333333e-01   1.0000000e-05   1.0000000e-05   1.0000000e-05   1.0000000e-05   6.6666667e-01   1.0000000e-05   1.0000000e-05   1.0000000e-05   1.0000000e-05
   1.0000000e-05   1.0000000e-05   1.0000000e-05   3.3333333e-01   1.0000000e-05   1.0000000e-05   1.0000000e-05   6.6666667e-01   1.0000000e-05   1.0000000e-05   1.0000000e-05   1.0000000e-05
   1.0000000e-05   1.0000000e-05   1.0000000e-05   1.0000000e-05   3.3333333e-01   1.0000000e-05   1.0000000e-05   6.6666667e-01   1.0000000e-05   1.0000000e-05   1.0000000e-05   1.0000000e-05
   1.0000000e-05   1.0000000e-05   1.0000000e-05   1.0000000e-05   1.0000000e-05   3.3333333e-01   1.0000000e-05   6.6666667e-01   1.0000000e-05   1.0000000e-05   1.0000000e-05   1.0000000e-05
   1.0000000e-05   1.0000000e-05   1.0000000e-05   1.0000000e-05   1.0000000e-05   1.0000000e-05   3.3333333e-01   6.6666667e-01   1.0000000e-05   1.0000000e-05   1.0000000e-05   1.0000000e-05
   1.0000000e-05   1.0000000e-05   1.0000000e-05   1.0000000e-05   1.0000000e-05   1.0000000e-05   1.0000000e-05   1.0000000e+00   1.0000000e-05   1.0000000e-05   1.0000000e-05   1.0000000e-05
   6.6666667e-01   1.0000000e-05   1.0000000e-05   1.0000000e-05   1.0000000e-05   1.0000000e-05   1.0000000e-05   1.0000000e-05   3.3333333e-01   1.0000000e-05   1.0000000e-05   1.0000000e-05
   3.3333333e-01   3.3333333e-01   1.0000000e-05   1.0000000e-05   1.0000000e-05   1.0000000e-05   1.0000000e-05   1.0000000e-05   3.3333333e-01   1.0000000e-05   1.0000000e-05   1.0000000e-05
   1.0000000e-05   6.6666667e-01   1.0000000e-05   1.0000000e-05   1.0000000e-05   1.0000000e-05   1.0000000e-05   1.0000000e-05   3.3333333e-01   1.0000000e-05   1.0000000e-05   1.0000000e-05
   3.3333333e-01   1.0000000e-05   3.3333333e-01   1.0000000e-05   1.0000000e-05   1.0000000e-05   1.0000000e-05   1.0000000e-05   3.3333333e-01   1.0000000e-05   1.0000000e-05   1.0000000e-05
   1.0000000e-05   3.3333333e-01   3.3333333e-01   1.0000000e-05   1.0000000e-05   1.0000000e-05   1.0000000e-05   1.0000000e-05   3.3333333e-01   1.0000000e-05   1.0000000e-05   1.0000000e-05
   1.0000000e-05   1.0000000e-05   6.6666667e-01   1.0000000e-05   1.0000000e-05   1.0000000e-05   1.0000000e-05   1.0000000e-05   3.3333333e-01   1.0000000e-05   1.0000000e-05   1.0000000e-05
   3.3333333e-01   1.0000000e-05   1.0000000e-05   3.3333333e-01   1.0000000e-05   1.0000000e-05   1.0000000e-05   1.0000000e-05   3.3333333e-01   1.0000000e-05   1.0000000e-05   1.0000000e-05
   1.0000000e-05   3.3333333e-01   1.0000000e-05   3.3333333e-01   1.0000000e-05   1.0000000e-05   1.0000000e-05   1.0000000e-05   3.3333333e-01   1.0000000e-05   1.0000000e-05   1.0000000e-05
   1.0000000e-05   1.0000000e-05   3.3333333e-01   3.3333333e-01   1.0000000e-05   1.0000000e-05   1.0000000e-05   1.0000000e-05   3.3333333e-01   1.0000000e-05   1.0000000e-05   1.0000000e-05
   1.0000000e-05   1.0000000e-05   1.0000000e-05   6.6666667e-01   1.0000000e-05   1.0000000e-05   1.0000000e-05   1.0000000e-05   3.3333333e-01   1.0000000e-05   1.0000000e-05   1.0000000e-05
   3.3333333e-01   1.0000000e-05   1.0000000e-05   1.0000000e-05   3.3333333e-01   1.0000000e-05   1.0000000e-05   1.0000000e-05   3.3333333e-01   1.0000000e-05   1.0000000e-05   1.0000000e-05
   1.0000000e-05   3.3333333e-01   1.0000000e-05   1.0000000e-05   3.3333333e-01   1.0000000e-05   1.0000000e-05   1.0000000e-05   3.3333333e-01   1.0000000e-05   1.0000000e-05   1.0000000e-05
   1.0000000e-05   1.0000000e-05   3.3333333e-01   1.0000000e-05   3.3333333e-01   1.0000000e-05   1.0000000e-05   1.0000000e-05   3.3333333e-01   1.0000000e-05   1.0000000e-05   1.0000000e-05
   1.0000000e-05   1.0000000e-05   1.0000000e-05   3.3333333e-01   3.3333333e-01   1.0000000e-05   1.0000000e-05   1.0000000e-05   3.3333333e-01   1.0000000e-05   1.0000000e-05   1.0000000e-05
   1.0000000e-05   1.0000000e-05   1.0000000e-05   1.0000000e-05   6.6666667e-01   1.0000000e-05   1.0000000e-05   1.0000000e-05   3.3333333e-01   1.0000000e-05   1.0000000e-05   1.0000000e-05
   3.3333333e-01   1.0000000e-05   1.0000000e-05   1.0000000e-05   1.0000000e-05   3.3333333e-01   1.0000000e-05   1.0000000e-05   3.3333333e-01   1.0000000e-05   1.0000000e-05   1.0000000e-05
   1.0000000e-05   3.3333333e-01   1.0000000e-05   1.0000000e-05   1.0000000e-05   3.3333333e-01   1.0000000e-05   1.0000000e-05   3.3333333e-01   1.0000000e-05   1.0000000e-05   1.0000000e-05
   1.0000000e-05   1.0000000e-05   3.3333333e-01   1.0000000e-05   1.0000000e-05   3.3333333e-01   1.0000000e-05   1.0000000e-05   3.3333333e-01   1.0000000e-05   1.0000000e-05   1.0000000e-05
   1.0000000e-05   1.0000000e-05   1.0000000e-05   3.3333333e-01   1.0000000e-05   3.3333333e-01   1.0000000e-05   1.0000000e-05   3.3333333e-01   1.0000000e-05   1.0000000e-05   1.0000000e-05
   1.0000000e-05   1.0000000e-05   1.0000000e-05   1.0000000e-05   3.3333333e-01   3.3333333e-01   1.0000000e-05   1.0000000e-05   3.3333333e-01   1.0000000e-05   1.0000000e-05   1.0000000e-05
   1.0000000e-05   1.0000000e-05   1.0000000e-05   1.0000000e-05   1.0000000e-05   6.6666667e-01   1.0000000e-05   1.0000000e-05   3.3333333e-01   1.0000000e-05   1.0000000e-05   1.0000000e-05
   3.3333333e-01   1.0000000e-05   1.0000000e-05   1.0000000e-05   1.0000000e-05   1.0000000e-05   3.3333333e-01   1.0000000e-05   3.3333333e-01   1.0000000e-05   1.0000000e-05   1.0000000e-05
   1.0000000e-05   3.3333333e-01   1.0000000e-05   1.0000000e-05   1.0000000e-05   1.0000000e-05   3.3333333e-01   1.0000000e-05   3.3333333e-01   1.0000000e-05   1.0000000e-05   1.0000000e-05
   1.0000000e-05   1.0000000e-05   3.3333333e-01   1.0000000e-05   1.0000000e-05   1.0000000e-05   3.3333333e-01   1.0000000e-05   3.3333333e-01   1.0000000e-05   1.0000000e-05   1.0000000e-05
   1.0000000e-05   1.0000000e-05   1.0000000e-05   3.3333333e-01   1.0000000e-05   1.0000000e-05   3.3333333e-01   1.0000000e-05   3.3333333e-01   1.0000000e-05   1.0000000e-05   1.0000000e-05
   1.0000000e-05   1.0000000e-05   1.0000000e-05   1.0000000e-05   3.3333333e-01   1.0000000e-05   3.3333333e-01   1.0000000e-05   3.3333333e-01   1.0000000e-05   1.0000000e-05   1.0000000e-05
   1.0000000e-05   1.0000000e-05   1.0000000e-05   1.0000000e-05   1.0000000e-05   3.3333333e-01   3.3333333e-01   1.0000000e-05   3.3333333e-01   1.0000000e-05   1.0000000e-05   1.0000000e-05
   1.0000000e-05   1.0000000e-05   1.0000000e-05   1.0000000e-05   1.0000000e-05   1.0000000e-05   6.6666667e-01   1.0000000e-05   3.3333333e-01   1.0000000e-05   1.0000000e-05   1.0000000e-05
   3.3333333e-01   1.0000000e-05   1.0000000e-05   1.0000000e-05   1.0000000e-05   1.0000000e-05   1.0000000e-05   3.3333333e-01   3.3333333e-01   1.0000000e-05   1.0000000e-05   1.0000000e-05
   1.0000000e-05   3.3333333e-01   1.0000000e-05   1.0000000e-05   1.0000000e-05   1.0000000e-05   1.0000000e-05   3.3333333e-01   3.3333333e-01   1.0000000e-05   1.0000000e-05   1.0000000e-05
   1.0000000e-05   1.0000000e-05   3.3333333e-01   1.0000000e-05   1.0000000e-05   1.0000000e-05   1.0000000e-05   3.3333333e-01   3.3333333e-01   1.0000000e-05   1.0000000e-05   1.0000000e-05
   1.0000000e-05   1.0000000e-05   1.0000000e-05   3.3333333e-01   1.0000000e-05   1.0000000e-05   1.0000000e-05   3.3333333e-01   3.3333333e-01   1.0000000e-05   1.0000000e-05   1.0000000e-05
   1.0000000e-05   1.0000000e-05   1.0000000e-05   1.0000000e-05   3.3333333e-01   1.0000000e-05   1.0000000e-05   3.3333333e-01   3.3333333e-01   1.0000000e-05   1.0000000e-05   1.0000000e-05
   1.0000000e-05   1.0000000e-05   1.0000000e-05   1.0000000e-05   1.0000000e-05   3.3333333e-01   1.0000000e-05   3.3333333e-01   3.3333333e-01   1.0000000e-05   1.0000000e-05   1.0000000e-05
   1.0000000e-05   1.0000000e-05   1.0000000e-05   1.0000000e-05   1.0000000e-05   1.0000000e-05   3.3333333e-01   3.3333333e-01   3.3333333e-01   1.0000000e-05   1.0000000e-05   1.0000000e-05
   1.0000000e-05   1.0000000e-05   1.0000000e-05   1.0000000e-05   1.0000000e-05   1.0000000e-05   1.0000000e-05   6.6666667e-01   3.3333333e-01   1.0000000e-05   1.0000000e-05   1.0000000e-05
   3.3333333e-01   1.0000000e-05   1.0000000e-05   1.0000000e-05   1.0000000e-05   1.0000000e-05   1.0000000e-05   1.0000000e-05   6.6666667e-01   1.0000000e-05   1.0000000e-05   1.0000000e-05
   1.0000000e-05   3.3333333e-01   1.0000000e-05   1.0000000e-05   1.0000000e-05   1.0000000e-05   1.0000000e-05   1.0000000e-05   6.6666667e-01   1.0000000e-05   1.0000000e-05   1.0000000e-05
   1.0000000e-05   1.0000000e-05   3.3333333e-01   1.0000000e-05   1.0000000e-05   1.0000000e-05   1.0000000e-05   1.0000000e-05   6.6666667e-01   1.0000000e-05   1.0000000e-05   1.0000000e-05
   1.0000000e-05   1.0000000e-05   1.0000000e-05   3.3333333e-01   1.0000000e-05   1.0000000e-05   1.0000000e-05   1.0000000e-05   6.6666667e-01   1.0000000e-05   1.0000000e-05   1.0000000e-05
   1.0000000e-05   1.0000000e-05   1.0000000e-05   1.0000000e-05   3.3333333e-01   1.0000000e-05   1.0000000e-05   1.0000000e-05   6.6666667e-01   1.0000000e-05   1.0000000e-05   1.0000000e-05
   1.0000000e-05   1.0000000e-05   1.0000000e-05   1.0000000e-05   1.0000000e-05   3.3333333e-01   1.0000000e-05   1.0000000e-05   6.6666667e-01   1.0000000e-05   1.0000000e-05   1.0000000e-05
   1.0000000e-05   1.0000000e-05   1.0000000e-05   1.0000000e-05   1.0000000e-05   1.0000000e-05   3.3333333e-01   1.0000000e-05   6.6666667e-01   1.0000000e-05   1.0000000e-05   1.0000000e-05
   1.0000000e-05   1.0000000e-05   1.0000000e-05   1.0000000e-05   1.0000000e-05   1.0000000e-05   1.0000000e-05   3.3333333e-01   6.6666667e-01   1.0000000e-05   1.0000000e-05   1.0000000e-05
   1.0000000e-05   1.0000000e-05   1.0000000e-05   1.0000000e-05   1.0000000e-05   1.0000000e-05   1.0000000e-05   1.0000000e-05   1.0000000e+00   1.0000000e-05   1.0000000e-05   1.0000000e-05
   6.6666667e-01   1.0000000e-05   1.0000000e-05   1.0000000e-05   1.0000000e-05   1.0000000e-05   1.0000000e-05   1.0000000e-05   1.0000000e-05   3.3333333e-01   1.0000000e-05   1.0000000e-05
   3.3333333e-01   3.3333333e-01   1.0000000e-05   1.0000000e-05   1.0000000e-05   1.0000000e-05   1.0000000e-05   1.0000000e-05   1.0000000e-05   3.3333333e-01   1.0000000e-05   1.0000000e-05
   1.0000000e-05   6.6666667e-01   1.0000000e-05   1.0000000e-05   1.0000000e-05   1.0000000e-05   1.0000000e-05   1.0000000e-05   1.0000000e-05   3.3333333e-01   1.0000000e-05   1.0000000e-05
   3.3333333e-01   1.0000000e-05   3.3333333e-01   1.0000000e-05   1.0000000e-05   1.0000000e-05   1.0000000e-05   1.0000000e-05   1.0000000e-05   3.3333333e-01   1.0000000e-05   1.0000000e-05
   1.0000000e-05   3.3333333e-01   3.3333333e-01   1.0000000e-05   1.0000000e-05   1.0000000e-05   1.0000000e-05   1.0000000e-05   1.0000000e-05   3.3333333e-01   1.0000000e-05   1.0000000e-05
   1.0000000e-05   1.0000000e-05   6.6666667e-01   1.0000000e-05   1.0000000e-05   1.0000000e-05   1.0000000e-05   1.0000000e-05   1.0000000e-05   3.3333333e-01   1.0000000e-05   1.0000000e-05
   3.3333333e-01   1.0000000e-05   1.0000000e-05   3.3333333e-01   1.0000000e-05   1.0000000e-05   1.0000000e-05   1.0000000e-05   1.0000000e-05   3.3333333e-01   1.0000000e-05   1.0000000e-05
   1.0000000e-05   3.3333333e-01   1.0000000e-05   3.3333333e-01   1.0000000e-05   1.0000000e-05   1.0000000e-05   1.0000000e-05   1.0000000e-05   3.3333333e-01   1.0000000e-05   1.0000000e-05
   1.0000000e-05   1.0000000e-05   3.3333333e-01   3.3333333e-01   1.0000000e-05   1.0000000e-05   1.0000000e-05   1.0000000e-05   1.0000000e-05   3.3333333e-01   1.0000000e-05   1.0000000e-05
   1.0000000e-05   1.0000000e-05   1.0000000e-05   6.6666667e-01   1.0000000e-05   1.0000000e-05   1.0000000e-05   1.0000000e-05   1.0000000e-05   3.3333333e-01   1.0000000e-05   1.0000000e-05
   3.3333333e-01   1.0000000e-05   1.0000000e-05   1.0000000e-05   3.3333333e-01   1.0000000e-05   1.0000000e-05   1.0000000e-05   1.0000000e-05   3.3333333e-01   1.0000000e-05   1.0000000e-05
   1.0000000e-05   3.3333333e-01   1.0000000e-05   1.0000000e-05   3.3333333e-01   1.0000000e-05   1.0000000e-05   1.0000000e-05   1.0000000e-05   3.3333333e-01   1.0000000e-05   1.0000000e-05
   1.0000000e-05   1.0000000e-05   3.3333333e-01   1.0000000e-05   3.3333333e-01   1.0000000e-05   1.0000000e-05   1.0000000e-05   1.0000000e-05   3.3333333e-01   1.0000000e-05   1.0000000e-05
   1.0000000e-05   1.0000000e-05   1.0000000e-05   3.3333333e-01   3.3333333e-01   1.0000000e-05   1.0000000e-05   1.0000000e-05   1.0000000e-05   3.3333333e-01   1.0000000e-05   1.0000000e-05
   1.0000000e-05   1.0000000e-05   1.0000000e-05   1.0000000e-05   6.6666667e-01   1.0000000e-05   1.0000000e-05   1.0000000e-05   1.0000000e-05   3.3333333e-01   1.0000000e-05   1.0000000e-05
   3.3333333e-01   1.0000000e-05   1.0000000e-05   1.0000000e-05   1.0000000e-05   3.3333333e-01   1.0000000e-05   1.0000000e-05   1.0000000e-05   3.3333333e-01   1.0000000e-05   1.0000000e-05
   1.0000000e-05   3.3333333e-01   1.0000000e-05   1.0000000e-05   1.0000000e-05   3.3333333e-01   1.0000000e-05   1.0000000e-05   1.0000000e-05   3.3333333e-01   1.0000000e-05   1.0000000e-05
   1.0000000e-05   1.0000000e-05   3.3333333e-01   1.0000000e-05   1.0000000e-05   3.3333333e-01   1.0000000e-05   1.0000000e-05   1.0000000e-05   3.3333333e-01   1.0000000e-05   1.0000000e-05
   1.0000000e-05   1.0000000e-05   1.0000000e-05   3.3333333e-01   1.0000000e-05   3.3333333e-01   1.0000000e-05   1.0000000e-05   1.0000000e-05   3.3333333e-01   1.0000000e-05   1.0000000e-05
   1.0000000e-05   1.0000000e-05   1.0000000e-05   1.0000000e-05   3.3333333e-01   3.3333333e-01   1.0000000e-05   1.0000000e-05   1.0000000e-05   3.3333333e-01   1.0000000e-05   1.0000000e-05
   1.0000000e-05   1.0000000e-05   1.0000000e-05   1.0000000e-05   1.0000000e-05   6.6666667e-01   1.0000000e-05   1.0000000e-05   1.0000000e-05   3.3333333e-01   1.0000000e-05   1.0000000e-05
   3.3333333e-01   1.0000000e-05   1.0000000e-05   1.0000000e-05   1.0000000e-05   1.0000000e-05   3.3333333e-01   1.0000000e-05   1.0000000e-05   3.3333333e-01   1.0000000e-05   1.0000000e-05
   1.0000000e-05   3.3333333e-01   1.0000000e-05   1.0000000e-05   1.0000000e-05   1.0000000e-05   3.3333333e-01   1.0000000e-05   1.0000000e-05   3.3333333e-01   1.0000000e-05   1.0000000e-05
   1.0000000e-05   1.0000000e-05   3.3333333e-01   1.0000000e-05   1.0000000e-05   1.0000000e-05   3.3333333e-01   1.0000000e-05   1.0000000e-05   3.3333333e-01   1.0000000e-05   1.0000000e-05
   1.0000000e-05   1.0000000e-05   1.0000000e-05   3.3333333e-01   1.0000000e-05   1.0000000e-05   3.3333333e-01   1.0000000e-05   1.0000000e-05   3.3333333e-01   1.0000000e-05   1.0000000e-05
   1.0000000e-05   1.0000000e-05   1.0000000e-05   1.0000000e-05   3.3333333e-01   1.0000000e-05   3.3333333e-01   1.0000000e-05   1.0000000e-05   3.3333333e-01   1.0000000e-05   1.0000000e-05
   1.0000000e-05   1.0000000e-05   1.0000000e-05   1.0000000e-05   1.0000000e-05   3.3333333e-01   3.3333333e-01   1.0000000e-05   1.0000000e-05   3.3333333e-01   1.0000000e-05   1.0000000e-05
   1.0000000e-05   1.0000000e-05   1.0000000e-05   1.0000000e-05   1.0000000e-05   1.0000000e-05   6.6666667e-01   1.0000000e-05   1.0000000e-05   3.3333333e-01   1.0000000e-05   1.0000000e-05
   3.3333333e-01   1.0000000e-05   1.0000000e-05   1.0000000e-05   1.0000000e-05   1.0000000e-05   1.0000000e-05   3.3333333e-01   1.0000000e-05   3.3333333e-01   1.0000000e-05   1.0000000e-05
   1.0000000e-05   3.3333333e-01   1.0000000e-05   1.0000000e-05   1.0000000e-05   1.0000000e-05   1.0000000e-05   3.3333333e-01   1.0000000e-05   3.3333333e-01   1.0000000e-05   1.0000000e-05
   1.0000000e-05   1.0000000e-05   3.3333333e-01   1.0000000e-05   1.0000000e-05   1.0000000e-05   1.0000000e-05   3.3333333e-01   1.0000000e-05   3.3333333e-01   1.0000000e-05   1.0000000e-05
   1.0000000e-05   1.0000000e-05   1.0000000e-05   3.3333333e-01   1.0000000e-05   1.0000000e-05   1.0000000e-05   3.3333333e-01   1.0000000e-05   3.3333333e-01   1.0000000e-05   1.0000000e-05
   1.0000000e-05   1.0000000e-05   1.0000000e-05   1.0000000e-05   3.3333333e-01   1.0000000e-05   1.0000000e-05   3.3333333e-01   1.0000000e-05   3.3333333e-01   1.0000000e-05   1.0000000e-05
   1.0000000e-05   1.0000000e-05   1.0000000e-05   1.0000000e-05   1.0000000e-05   3.3333333e-01   1.0000000e-05   3.3333333e-01   1.0000000e-05   3.3333333e-01   1.0000000e-05   1.0000000e-05
   1.0000000e-05   1.0000000e-05   1.0000000e-05   1.0000000e-05   1.0000000e-05   1.0000000e-05   3.3333333e-01   3.3333333e-01   1.0000000e-05   3.3333333e-01   1.0000000e-05   1.0000000e-05
   1.0000000e-05   1.0000000e-05   1.0000000e-05   1.0000000e-05   1.0000000e-05   1.0000000e-05   1.0000000e-05   6.6666667e-01   1.0000000e-05   3.3333333e-01   1.0000000e-05   1.0000000e-05
   3.3333333e-01   1.0000000e-05   1.0000000e-05   1.0000000e-05   1.0000000e-05   1.0000000e-05   1.0000000e-05   1.0000000e-05   3.3333333e-01   3.3333333e-01   1.0000000e-05   1.0000000e-05
   1.0000000e-05   3.3333333e-01   1.0000000e-05   1.0000000e-05   1.0000000e-05   1.0000000e-05   1.0000000e-05   1.0000000e-05   3.3333333e-01   3.3333333e-01   1.0000000e-05   1.0000000e-05
   1.0000000e-05   1.0000000e-05   3.3333333e-01   1.0000000e-05   1.0000000e-05   1.0000000e-05   1.0000000e-05   1.0000000e-05   3.3333333e-01   3.3333333e-01   1.0000000e-05   1.0000000e-05
   1.0000000e-05   1.0000000e-05   1.0000000e-05   3.3333333e-01   1.0000000e-05   1.0000000e-05   1.0000000e-05   1.0000000e-05   3.3333333e-01   3.3333333e-01   1.0000000e-05   1.0000000e-05
   1.0000000e-05   1.0000000e-05   1.0000000e-05   1.0000000e-05   3.3333333e-01   1.0000000e-05   1.0000000e-05   1.0000000e-05   3.3333333e-01   3.3333333e-01   1.0000000e-05   1.0000000e-05
   1.0000000e-05   1.0000000e-05   1.0000000e-05   1.0000000e-05   1.0000000e-05   3.3333333e-01   1.0000000e-05   1.0000000e-05   3.3333333e-01   3.3333333e-01   1.0000000e-05   1.0000000e-05
   1.0000000e-05   1.0000000e-05   1.0000000e-05   1.0000000e-05   1.0000000e-05   1.0000000e-05   3.3333333e-01   1.0000000e-05   3.3333333e-01   3.3333333e-01   1.0000000e-05   1.0000000e-05
   1.0000000e-05   1.0000000e-05   1.0000000e-05   1.0000000e-05   1.0000000e-05   1.0000000e-05   1.0000000e-05   3.3333333e-01   3.3333333e-01   3.3333333e-01   1.0000000e-05   1.0000000e-05
   1.0000000e-05   1.0000000e-05   1.0000000e-05   1.0000000e-05   1.0000000e-05   1.0000000e-05   1.0000000e-05   1.0000000e-05   6.6666667e-01   3.3333333e-01   1.0000000e-05   1.0000000e-05
   3.3333333e-01   1.0000000e-05   1.0000000e-05   1.0000000e-05   1.0000000e-05   1.0000000e-05   1.0000000e-05   1.0000000e-05   1.0000000e-05   6.6666667e-01   1.0000000e-05   1.0000000e-05
   1.0000000e-05   3.3333333e-01   1.0000000e-05   1.0000000e-05   1.0000000e-05   1.0000000e-05   1.0000000e-05   1.0000000e-05   1.0000000e-05   6.6666667e-01   1.0000000e-05   1.0000000e-05
   1.0000000e-05   1.0000000e-05   3.3333333e-01   1.0000000e-05   1.0000000e-05   1.0000000e-05   1.0000000e-05   1.0000000e-05   1.0000000e-05   6.6666667e-01   1.0000000e-05   1.0000000e-05
   1.0000000e-05   1.0000000e-05   1.0000000e-05   3.3333333e-01   1.0000000e-05   1.0000000e-05   1.0000000e-05   1.0000000e-05   1.0000000e-05   6.6666667e-01   1.0000000e-05   1.0000000e-05
   1.0000000e-05   1.0000000e-05   1.0000000e-05   1.0000000e-05   3.3333333e-01   1.0000000e-05   1.0000000e-05   1.0000000e-05   1.0000000e-05   6.6666667e-01   1.0000000e-05   1.0000000e-05
   1.0000000e-05   1.0000000e-05   1.0000000e-05   1.0000000e-05   1.0000000e-05   3.3333333e-01   1.0000000e-05   1.0000000e-05   1.0000000e-05   6.6666667e-01   1.0000000e-05   1.0000000e-05
   1.0000000e-05   1.0000000e-05   1.0000000e-05   1.0000000e-05   1.0000000e-05   1.0000000e-05   3.3333333e-01   1.0000000e-05   1.0000000e-05   6.6666667e-01   1.0000000e-05   1.0000000e-05
   1.0000000e-05   1.0000000e-05   1.0000000e-05   1.0000000e-05   1.0000000e-05   1.0000000e-05   1.0000000e-05   3.3333333e-01   1.0000000e-05   6.6666667e-01   1.0000000e-05   1.0000000e-05
   1.0000000e-05   1.0000000e-05   1.0000000e-05   1.0000000e-05   1.0000000e-05   1.0000000e-05   1.0000000e-05   1.0000000e-05   3.3333333e-01   6.6666667e-01   1.0000000e-05   1.0000000e-05
   1.0000000e-05   1.0000000e-05   1.0000000e-05   1.0000000e-05   1.0000000e-05   1.0000000e-05   1.0000000e-05   1.0000000e-05   1.0000000e-05   1.0000000e+00   1.0000000e-05   1.0000000e-05
   6.6666667e-01   1.0000000e-05   1.0000000e-05   1.0000000e-05   1.0000000e-05   1.0000000e-05   1.0000000e-05   1.0000000e-05   1.0000000e-05   1.0000000e-05   3.3333333e-01   1.0000000e-05
   3.3333333e-01   3.3333333e-01   1.0000000e-05   1.0000000e-05   1.0000000e-05   1.0000000e-05   1.0000000e-05   1.0000000e-05   1.0000000e-05   1.0000000e-05   3.3333333e-01   1.0000000e-05
   1.0000000e-05   6.6666667e-01   1.0000000e-05   1.0000000e-05   1.0000000e-05   1.0000000e-05   1.0000000e-05   1.0000000e-05   1.0000000e-05   1.0000000e-05   3.3333333e-01   1.0000000e-05
   3.3333333e-01   1.0000000e-05   3.3333333e-01   1.0000000e-05   1.0000000e-05   1.0000000e-05   1.0000000e-05   1.0000000e-05   1.0000000e-05   1.0000000e-05   3.3333333e-01   1.0000000e-05
   1.0000000e-05   3.3333333e-01   3.3333333e-01   1.0000000e-05   1.0000000e-05   1.0000000e-05   1.0000000e-05   1.0000000e-05   1.0000000e-05   1.0000000e-05   3.3333333e-01   1.0000000e-05
   1.0000000e-05   1.0000000e-05   6.6666667e-01   1.0000000e-05   1.0000000e-05   1.0000000e-05   1.0000000e-05   1.0000000e-05   1.0000000e-05   1.0000000e-05   3.3333333e-01   1.0000000e-05
   3.3333333e-01   1.0000000e-05   1.0000000e-05   3.3333333e-01   1.0000000e-05   1.0000000e-05   1.0000000e-05   1.0000000e-05   1.0000000e-05   1.0000000e-05   3.3333333e-01   1.0000000e-05
   1.0000000e-05   3.3333333e-01   1.0000000e-05   3.3333333e-01   1.0000000e-05   1.0000000e-05   1.0000000e-05   1.0000000e-05   1.0000000e-05   1.0000000e-05   3.3333333e-01   1.0000000e-05
   1.0000000e-05   1.0000000e-05   3.3333333e-01   3.3333333e-01   1.0000000e-05   1.0000000e-05   1.0000000e-05   1.0000000e-05   1.0000000e-05   1.0000000e-05   3.3333333e-01   1.0000000e-05
   1.0000000e-05   1.0000000e-05   1.0000000e-05   6.6666667e-01   1.0000000e-05   1.0000000e-05   1.0000000e-05   1.0000000e-05   1.0000000e-05   1.0000000e-05   3.3333333e-01   1.0000000e-05
   3.3333333e-01   1.0000000e-05   1.0000000e-05   1.0000000e-05   3.3333333e-01   1.0000000e-05   1.0000000e-05   1.0000000e-05   1.0000000e-05   1.0000000e-05   3.3333333e-01   1.0000000e-05
   1.0000000e-05   3.3333333e-01   1.0000000e-05   1.0000000e-05   3.3333333e-01   1.0000000e-05   1.0000000e-05   1.0000000e-05   1.0000000e-05   1.0000000e-05   3.3333333e-01   1.0000000e-05
   1.0000000e-05   1.0000000e-05   3.3333333e-01   1.0000000e-05   3.3333333e-01   1.0000000e-05   1.0000000e-05   1.0000000e-05   1.0000000e-05   1.0000000e-05   3.3333333e-01   1.0000000e-05
   1.0000000e-05   1.0000000e-05   1.0000000e-05   3.3333333e-01   3.3333333e-01   1.0000000e-05   1.0000000e-05   1.0000000e-05   1.0000000e-05   1.0000000e-05   3.3333333e-01   1.0000000e-05
   1.0000000e-05   1.0000000e-05   1.0000000e-05   1.0000000e-05   6.6666667e-01   1.0000000e-05   1.0000000e-05   1.0000000e-05   1.0000000e-05   1.0000000e-05   3.3333333e-01   1.0000000e-05
   3.3333333e-01   1.0000000e-05   1.0000000e-05   1.0000000e-05   1.0000000e-05   3.3333333e-01   1.0000000e-05   1.0000000e-05   1.0000000e-05   1.0000000e-05   3.3333333e-01   1.0000000e-05
   1.0000000e-05   3.3333333e-01   1.0000000e-05   1.0000000e-05   1.0000000e-05   3.3333333e-01   1.0000000e-05   1.0000000e-05   1.0000000e-05   1.0000000e-05   3.3333333e-01   1.0000000e-05
   1.0000000e-05   1.0000000e-05   3.3333333e-01   1.0000000e-05   1.0000000e-05   3.3333333e-01   1.0000000e-05   1.0000000e-05   1.0000000e-05   1.0000000e-05   3.3333333e-01   1.0000000e-05
   1.0000000e-05   1.0000000e-05   1.0000000e-05   3.3333333e-01   1.0000000e-05   3.3333333e-01   1.0000000e-05   1.0000000e-05   1.0000000e-05   1.0000000e-05   3.3333333e-01   1.0000000e-05
   1.0000000e-05   1.0000000e-05   1.0000000e-05   1.0000000e-05   3.3333333e-01   3.3333333e-01   1.0000000e-05   1.0000000e-05   1.0000000e-05   1.0000000e-05   3.3333333e-01   1.0000000e-05
   1.0000000e-05   1.0000000e-05   1.0000000e-05   1.0000000e-05   1.0000000e-05   6.6666667e-01   1.0000000e-05   1.0000000e-05   1.0000000e-05   1.0000000e-05   3.3333333e-01   1.0000000e-05
   3.3333333e-01   1.0000000e-05   1.0000000e-05   1.0000000e-05   1.0000000e-05   1.0000000e-05   3.3333333e-01   1.0000000e-05   1.0000000e-05   1.0000000e-05   3.3333333e-01   1.0000000e-05
   1.0000000e-05   3.3333333e-01   1.0000000e-05   1.0000000e-05   1.0000000e-05   1.0000000e-05   3.3333333e-01   1.0000000e-05   1.0000000e-05   1.0000000e-05   3.3333333e-01   1.0000000e-05
   1.0000000e-05   1.0000000e-05   3.3333333e-01   1.0000000e-05   1.0000000e-05   1.0000000e-05   3.3333333e-01   1.0000000e-05   1.0000000e-05   1.0000000e-05   3.3333333e-01   1.0000000e-05
   1.0000000e-05   1.0000000e-05   1.0000000e-05   3.3333333e-01   1.0000000e-05   1.0000000e-05   3.3333333e-01   1.0000000e-05   1.0000000e-05   1.0000000e-05   3.3333333e-01   1.0000000e-05
   1.0000000e-05   1.0000000e-05   1.0000000e-05   1.0000000e-05   3.3333333e-01   1.0000000e-05   3.3333333e-01   1.0000000e-05   1.0000000e-05   1.0000000e-05   3.3333333e-01   1.0000000e-05
   1.0000000e-05   1.0000000e-05   1.0000000e-05   1.0000000e-05   1.0000000e-05   3.3333333e-01   3.3333333e-01   1.0000000e-05   1.0000000e-05   1.0000000e-05   3.3333333e-01   1.0000000e-05
   1.0000000e-05   1.0000000e-05   1.0000000e-05   1.0000000e-05   1.0000000e-05   1.0000000e-05   6.6666667e-01   1.0000000e-05   1.0000000e-05   1.0000000e-05   3.3333333e-01   1.0000000e-05
   3.3333333e-01   1.0000000e-05   1.0000000e-05   1.0000000e-05   1.0000000e-05   1.0000000e-05   1.0000000e-05   3.3333333e-01   1.0000000e-05   1.0000000e-05   3.3333333e-01   1.0000000e-05
   1.0000000e-05   3.3333333e-01   1.0000000e-05   1.0000000e-05   1.0000000e-05   1.0000000e-05   1.0000000e-05   3.3333333e-01   1.0000000e-05   1.0000000e-05   3.3333333e-01   1.0000000e-05
   1.0000000e-05   1.0000000e-05   3.3333333e-01   1.0000000e-05   1.0000000e-05   1.0000000e-05   1.0000000e-05   3.3333333e-01   1.0000000e-05   1.0000000e-05   3.3333333e-01   1.0000000e-05
   1.0000000e-05   1.0000000e-05   1.0000000e-05   3.3333333e-01   1.0000000e-05   1.0000000e-05   1.0000000e-05   3.3333333e-01   1.0000000e-05   1.0000000e-05   3.3333333e-01   1.0000000e-05
   1.0000000e-05   1.0000000e-05   1.0000000e-05   1.0000000e-05   3.3333333e-01   1.0000000e-05   1.0000000e-05   3.3333333e-01   1.0000000e-05   1.0000000e-05   3.3333333e-01   1.0000000e-05
   1.0000000e-05   1.0000000e-05   1.0000000e-05   1.0000000e-05   1.0000000e-05   3.3333333e-01   1.0000000e-05   3.3333333e-01   1.0000000e-05   1.0000000e-05   3.3333333e-01   1.0000000e-05
   1.0000000e-05   1.0000000e-05   1.0000000e-05   1.0000000e-05   1.0000000e-05   1.0000000e-05   3.3333333e-01   3.3333333e-01   1.0000000e-05   1.0000000e-05   3.3333333e-01   1.0000000e-05
   1.0000000e-05   1.0000000e-05   1.0000000e-05   1.0000000e-05   1.0000000e-05   1.0000000e-05   1.0000000e-05   6.6666667e-01   1.0000000e-05   1.0000000e-05   3.3333333e-01   1.0000000e-05
   3.3333333e-01   1.0000000e-05   1.0000000e-05   1.0000000e-05   1.0000000e-05   1.0000000e-05   1.0000000e-05   1.0000000e-05   3.3333333e-01   1.0000000e-05   3.3333333e-01   1.0000000e-05
   1.0000000e-05   3.3333333e-01   1.0000000e-05   1.0000000e-05   1.0000000e-05   1.0000000e-05   1.0000000e-05   1.0000000e-05   3.3333333e-01   1.0000000e-05   3.3333333e-01   1.0000000e-05
   1.0000000e-05   1.0000000e-05   3.3333333e-01   1.0000000e-05   1.0000000e-05   1.0000000e-05   1.0000000e-05   1.0000000e-05   3.3333333e-01   1.0000000e-05   3.3333333e-01   1.0000000e-05
   1.0000000e-05   1.0000000e-05   1.0000000e-05   3.3333333e-01   1.0000000e-05   1.0000000e-05   1.0000000e-05   1.0000000e-05   3.3333333e-01   1.0000000e-05   3.3333333e-01   1.0000000e-05
   1.0000000e-05   1.0000000e-05   1.0000000e-05   1.0000000e-05   3.3333333e-01   1.0000000e-05   1.0000000e-05   1.0000000e-05   3.3333333e-01   1.0000000e-05   3.3333333e-01   1.0000000e-05
   1.0000000e-05   1.0000000e-05   1.0000000e-05   1.0000000e-05   1.0000000e-05   3.3333333e-01   1.0000000e-05   1.0000000e-05   3.3333333e-01   1.0000000e-05   3.3333333e-01   1.0000000e-05
   1.0000000e-05   1.0000000e-05   1.0000000e-05   1.0000000e-05   1.0000000e-05   1.0000000e-05   3.3333333e-01   1.0000000e-05   3.3333333e-01   1.0000000e-05   3.3333333e-01   1.0000000e-05
   1.0000000e-05   1.0000000e-05   1.0000000e-05   1.0000000e-05   1.0000000e-05   1.0000000e-05   1.0000000e-05   3.3333333e-01   3.3333333e-01   1.0000000e-05   3.3333333e-01   1.0000000e-05
   1.0000000e-05   1.0000000e-05   1.0000000e-05   1.0000000e-05   1.0000000e-05   1.0000000e-05   1.0000000e-05   1.0000000e-05   6.6666667e-01   1.0000000e-05   3.3333333e-01   1.0000000e-05
   3.3333333e-01   1.0000000e-05   1.0000000e-05   1.0000000e-05   1.0000000e-05   1.0000000e-05   1.0000000e-05   1.0000000e-05   1.0000000e-05   3.3333333e-01   3.3333333e-01   1.0000000e-05
   1.0000000e-05   3.3333333e-01   1.0000000e-05   1.0000000e-05   1.0000000e-05   1.0000000e-05   1.0000000e-05   1.0000000e-05   1.0000000e-05   3.3333333e-01   3.3333333e-01   1.0000000e-05
   1.0000000e-05   1.0000000e-05   3.3333333e-01   1.0000000e-05   1.0000000e-05   1.0000000e-05   1.0000000e-05   1.0000000e-05   1.0000000e-05   3.3333333e-01   3.3333333e-01   1.0000000e-05
   1.0000000e-05   1.0000000e-05   1.0000000e-05   3.3333333e-01   1.0000000e-05   1.0000000e-05   1.0000000e-05   1.0000000e-05   1.0000000e-05   3.3333333e-01   3.3333333e-01   1.0000000e-05
   1.0000000e-05   1.0000000e-05   1.0000000e-05   1.0000000e-05   3.3333333e-01   1.0000000e-05   1.0000000e-05   1.0000000e-05   1.0000000e-05   3.3333333e-01   3.3333333e-01   1.0000000e-05
   1.0000000e-05   1.0000000e-05   1.0000000e-05   1.0000000e-05   1.0000000e-05   3.3333333e-01   1.0000000e-05   1.0000000e-05   1.0000000e-05   3.3333333e-01   3.3333333e-01   1.0000000e-05
   1.0000000e-05   1.0000000e-05   1.0000000e-05   1.0000000e-05   1.0000000e-05   1.0000000e-05   3.3333333e-01   1.0000000e-05   1.0000000e-05   3.3333333e-01   3.3333333e-01   1.0000000e-05
   1.0000000e-05   1.0000000e-05   1.0000000e-05   1.0000000e-05   1.0000000e-05   1.0000000e-05   1.0000000e-05   3.3333333e-01   1.0000000e-05   3.3333333e-01   3.3333333e-01   1.0000000e-05
   1.0000000e-05   1.0000000e-05   1.0000000e-05   1.0000000e-05   1.0000000e-05   1.0000000e-05   1.0000000e-05   1.0000000e-05   3.3333333e-01   3.3333333e-01   3.3333333e-01   1.0000000e-05
   1.0000000e-05   1.0000000e-05   1.0000000e-05   1.0000000e-05   1.0000000e-05   1.0000000e-05   1.0000000e-05   1.0000000e-05   1.0000000e-05   6.6666667e-01   3.3333333e-01   1.0000000e-05
   3.3333333e-01   1.0000000e-05   1.0000000e-05   1.0000000e-05   1.0000000e-05   1.0000000e-05   1.0000000e-05   1.0000000e-05   1.0000000e-05   1.0000000e-05   6.6666667e-01   1.0000000e-05
   1.0000000e-05   3.3333333e-01   1.0000000e-05   1.0000000e-05   1.0000000e-05   1.0000000e-05   1.0000000e-05   1.0000000e-05   1.0000000e-05   1.0000000e-05   6.6666667e-01   1.0000000e-05
   1.0000000e-05   1.0000000e-05   3.3333333e-01   1.0000000e-05   1.0000000e-05   1.0000000e-05   1.0000000e-05   1.0000000e-05   1.0000000e-05   1.0000000e-05   6.6666667e-01   1.0000000e-05
   1.0000000e-05   1.0000000e-05   1.0000000e-05   3.3333333e-01   1.0000000e-05   1.0000000e-05   1.0000000e-05   1.0000000e-05   1.0000000e-05   1.0000000e-05   6.6666667e-01   1.0000000e-05
   1.0000000e-05   1.0000000e-05   1.0000000e-05   1.0000000e-05   3.3333333e-01   1.0000000e-05   1.0000000e-05   1.0000000e-05   1.0000000e-05   1.0000000e-05   6.6666667e-01   1.0000000e-05
   1.0000000e-05   1.0000000e-05   1.0000000e-05   1.0000000e-05   1.0000000e-05   3.3333333e-01   1.0000000e-05   1.0000000e-05   1.0000000e-05   1.0000000e-05   6.6666667e-01   1.0000000e-05
   1.0000000e-05   1.0000000e-05   1.0000000e-05   1.0000000e-05   1.0000000e-05   1.0000000e-05   3.3333333e-01   1.0000000e-05   1.0000000e-05   1.0000000e-05   6.6666667e-01   1.0000000e-05
   1.0000000e-05   1.0000000e-05   1.0000000e-05   1.0000000e-05   1.0000000e-05   1.0000000e-05   1.0000000e-05   3.3333333e-01   1.0000000e-05   1.0000000e-05   6.6666667e-01   1.0000000e-05
   1.0000000e-05   1.0000000e-05   1.0000000e-05   1.0000000e-05   1.0000000e-05   1.0000000e-05   1.0000000e-05   1.0000000e-05   3.3333333e-01   1.0000000e-05   6.6666667e-01   1.0000000e-05
   1.0000000e-05   1.0000000e-05   1.0000000e-05   1.0000000e-05   1.0000000e-05   1.0000000e-05   1.0000000e-05   1.0000000e-05   1.0000000e-05   3.3333333e-01   6.6666667e-01   1.0000000e-05
   1.0000000e-05   1.0000000e-05   1.0000000e-05   1.0000000e-05   1.0000000e-05   1.0000000e-05   1.0000000e-05   1.0000000e-05   1.0000000e-05   1.0000000e-05   1.0000000e+00   1.0000000e-05
   6.6666667e-01   1.0000000e-05   1.0000000e-05   1.0000000e-05   1.0000000e-05   1.0000000e-05   1.0000000e-05   1.0000000e-05   1.0000000e-05   1.0000000e-05   1.0000000e-05   3.3333333e-01
   3.3333333e-01   3.3333333e-01   1.0000000e-05   1.0000000e-05   1.0000000e-05   1.0000000e-05   1.0000000e-05   1.0000000e-05   1.0000000e-05   1.0000000e-05   1.0000000e-05   3.3333333e-01
   1.0000000e-05   6.6666667e-01   1.0000000e-05   1.0000000e-05   1.0000000e-05   1.0000000e-05   1.0000000e-05   1.0000000e-05   1.0000000e-05   1.0000000e-05   1.0000000e-05   3.3333333e-01
   3.3333333e-01   1.0000000e-05   3.3333333e-01   1.0000000e-05   1.0000000e-05   1.0000000e-05   1.0000000e-05   1.0000000e-05   1.0000000e-05   1.0000000e-05   1.0000000e-05   3.3333333e-01
   1.0000000e-05   3.3333333e-01   3.3333333e-01   1.0000000e-05   1.0000000e-05   1.0000000e-05   1.0000000e-05   1.0000000e-05   1.0000000e-05   1.0000000e-05   1.0000000e-05   3.3333333e-01
   1.0000000e-05   1.0000000e-05   6.6666667e-01   1.0000000e-05   1.0000000e-05   1.0000000e-05   1.0000000e-05   1.0000000e-05   1.0000000e-05   1.0000000e-05   1.0000000e-05   3.3333333e-01
   3.3333333e-01   1.0000000e-05   1.0000000e-05   3.3333333e-01   1.0000000e-05   1.0000000e-05   1.0000000e-05   1.0000000e-05   1.0000000e-05   1.0000000e-05   1.0000000e-05   3.3333333e-01
   1.0000000e-05   3.3333333e-01   1.0000000e-05   3.3333333e-01   1.0000000e-05   1.0000000e-05   1.0000000e-05   1.0000000e-05   1.0000000e-05   1.0000000e-05   1.0000000e-05   3.3333333e-01
   1.0000000e-05   1.0000000e-05   3.3333333e-01   3.3333333e-01   1.0000000e-05   1.0000000e-05   1.0000000e-05   1.0000000e-05   1.0000000e-05   1.0000000e-05   1.0000000e-05   3.3333333e-01
   1.0000000e-05   1.0000000e-05   1.0000000e-05   6.6666667e-01   1.0000000e-05   1.0000000e-05   1.0000000e-05   1.0000000e-05   1.0000000e-05   1.0000000e-05   1.0000000e-05   3.3333333e-01
   3.3333333e-01   1.0000000e-05   1.0000000e-05   1.0000000e-05   3.3333333e-01   1.0000000e-05   1.0000000e-05   1.0000000e-05   1.0000000e-05   1.0000000e-05   1.0000000e-05   3.3333333e-01
   1.0000000e-05   3.3333333e-01   1.0000000e-05   1.0000000e-05   3.3333333e-01   1.0000000e-05   1.0000000e-05   1.0000000e-05   1.0000000e-05   1.0000000e-05   1.0000000e-05   3.3333333e-01
   1.0000000e-05   1.0000000e-05   3.3333333e-01   1.0000000e-05   3.3333333e-01   1.0000000e-05   1.0000000e-05   1.0000000e-05   1.0000000e-05   1.0000000e-05   1.0000000e-05   3.3333333e-01
   1.0000000e-05   1.0000000e-05   1.0000000e-05   3.3333333e-01   3.3333333e-01   1.0000000e-05   1.0000000e-05   1.0000000e-05   1.0000000e-05   1.0000000e-05   1.0000000e-05   3.3333333e-01
   1.0000000e-05   1.0000000e-05   1.0000000e-05   1.0000000e-05   6.6666667e-01   1.0000000e-05   1.0000000e-05   1.0000000e-05   1.0000000e-05   1.0000000e-05   1.0000000e-05   3.3333333e-01
   3.3333333e-01   1.0000000e-05   1.0000000e-05   1.0000000e-05   1.0000000e-05   3.3333333e-01   1.0000000e-05   1.0000000e-05   1.0000000e-05   1.0000000e-05   1.0000000e-05   3.3333333e-01
   1.0000000e-05   3.3333333e-01   1.0000000e-05   1.0000000e-05   1.0000000e-05   3.3333333e-01   1.0000000e-05   1.0000000e-05   1.0000000e-05   1.0000000e-05   1.0000000e-05   3.3333333e-01
   1.0000000e-05   1.0000000e-05   3.3333333e-01   1.0000000e-05   1.0000000e-05   3.3333333e-01   1.0000000e-05   1.0000000e-05   1.0000000e-05   1.0000000e-05   1.0000000e-05   3.3333333e-01
   1.0000000e-05   1.0000000e-05   1.0000000e-05   3.3333333e-01   1.0000000e-05   3.3333333e-01   1.0000000e-05   1.0000000e-05   1.0000000e-05   1.0000000e-05   1.0000000e-05   3.3333333e-01
   1.0000000e-05   1.0000000e-05   1.0000000e-05   1.0000000e-05   3.3333333e-01   3.3333333e-01   1.0000000e-05   1.0000000e-05   1.0000000e-05   1.0000000e-05   1.0000000e-05   3.3333333e-01
   1.0000000e-05   1.0000000e-05   1.0000000e-05   1.0000000e-05   1.0000000e-05   6.6666667e-01   1.0000000e-05   1.0000000e-05   1.0000000e-05   1.0000000e-05   1.0000000e-05   3.3333333e-01
   3.3333333e-01   1.0000000e-05   1.0000000e-05   1.0000000e-05   1.0000000e-05   1.0000000e-05   3.3333333e-01   1.0000000e-05   1.0000000e-05   1.0000000e-05   1.0000000e-05   3.3333333e-01
   1.0000000e-05   3.3333333e-01   1.0000000e-05   1.0000000e-05   1.0000000e-05   1.0000000e-05   3.3333333e-01   1.0000000e-05   1.0000000e-05   1.0000000e-05   1.0000000e-05   3.3333333e-01
   1.0000000e-05   1.0000000e-05   3.3333333e-01   1.0000000e-05   1.0000000e-05   1.0000000e-05   3.3333333e-01   1.0000000e-05   1.0000000e-05   1.0000000e-05   1.0000000e-05   3.3333333e-01
   1.0000000e-05   1.0000000e-05   1.0000000e-05   3.3333333e-01   1.0000000e-05   1.0000000e-05   3.3333333e-01   1.0000000e-05   1.0000000e-05   1.0000000e-05   1.0000000e-05   3.3333333e-01
   1.0000000e-05   1.0000000e-05   1.0000000e-05   1.0000000e-05   3.3333333e-01   1.0000000e-05   3.3333333e-01   1.0000000e-05   1.0000000e-05   1.0000000e-05   1.0000000e-05   3.3333333e-01
   1.0000000e-05   1.0000000e-05   1.0000000e-05   1.0000000e-05   1.0000000e-05   3.3333333e-01   3.3333333e-01   1.0000000e-05   1.0000000e-05   1.0000000e-05   1.0000000e-05   3.3333333e-01
   1.0000000e-05   1.0000000e-05   1.0000000e-05   1.0000000e-05   1.0000000e-05   1.0000000e-05   6.6666667e-01   1.0000000e-05   1.0000000e-05   1.0000000e-05   1.0000000e-05   3.3333333e-01
   3.3333333e-01   1.0000000e-05   1.0000000e-05   1.0000000e-05   1.0000000e-05   1.0000000e-05   1.0000000e-05   3.3333333e-01   1.0000000e-05   1.0000000e-05   1.0000000e-05   3.3333333e-01
   1.0000000e-05   3.3333333e-01   1.0000000e-05   1.0000000e-05   1.0000000e-05   1.0000000e-05   1.0000000e-05   3.3333333e-01   1.0000000e-05   1.0000000e-05   1.0000000e-05   3.3333333e-01
   1.0000000e-05   1.0000000e-05   3.3333333e-01   1.0000000e-05   1.0000000e-05   1.0000000e-05   1.0000000e-05   3.3333333e-01   1.0000000e-05   1.0000000e-05   1.0000000e-05   3.3333333e-01
   1.0000000e-05   1.0000000e-05   1.0000000e-05   3.3333333e-01   1.0000000e-05   1.0000000e-05   1.0000000e-05   3.3333333e-01   1.0000000e-05   1.0000000e-05   1.0000000e-05   3.3333333e-01
   1.0000000e-05   1.0000000e-05   1.0000000e-05   1.0000000e-05   3.3333333e-01   1.0000000e-05   1.0000000e-05   3.3333333e-01   1.0000000e-05   1.0000000e-05   1.0000000e-05   3.3333333e-01
   1.0000000e-05   1.0000000e-05   1.0000000e-05   1.0000000e-05   1.0000000e-05   3.3333333e-01   1.0000000e-05   3.3333333e-01   1.0000000e-05   1.0000000e-05   1.0000000e-05   3.3333333e-01
   1.0000000e-05   1.0000000e-05   1.0000000e-05   1.0000000e-05   1.0000000e-05   1.0000000e-05   3.3333333e-01   3.3333333e-01   1.0000000e-05   1.0000000e-05   1.0000000e-05   3.3333333e-01
   1.0000000e-05   1.0000000e-05   1.0000000e-05   1.0000000e-05   1.0000000e-05   1.0000000e-05   1.0000000e-05   6.6666667e-01   1.0000000e-05   1.0000000e-05   1.0000000e-05   3.3333333e-01
   3.3333333e-01   1.0000000e-05   1.0000000e-05   1.0000000e-05   1.0000000e-05   1.0000000e-05   1.0000000e-05   1.0000000e-05   3.3333333e-01   1.0000000e-05   1.0000000e-05   3.3333333e-01
   1.0000000e-05   3.3333333e-01   1.0000000e-05   1.0000000e-05   1.0000000e-05   1.0000000e-05   1.0000000e-05   1.0000000e-05   3.3333333e-01   1.0000000e-05   1.0000000e-05   3.3333333e-01
   1.0000000e-05   1.0000000e-05   3.3333333e-01   1.0000000e-05   1.0000000e-05   1.0000000e-05   1.0000000e-05   1.0000000e-05   3.3333333e-01   1.0000000e-05   1.0000000e-05   3.3333333e-01
   1.0000000e-05   1.0000000e-05   1.0000000e-05   3.3333333e-01   1.0000000e-05   1.0000000e-05   1.0000000e-05   1.0000000e-05   3.3333333e-01   1.0000000e-05   1.0000000e-05   3.3333333e-01
   1.0000000e-05   1.0000000e-05   1.0000000e-05   1.0000000e-05   3.3333333e-01   1.0000000e-05   1.0000000e-05   1.0000000e-05   3.3333333e-01   1.0000000e-05   1.0000000e-05   3.3333333e-01
   1.0000000e-05   1.0000000e-05   1.0000000e-05   1.0000000e-05   1.0000000e-05   3.3333333e-01   1.0000000e-05   1.0000000e-05   3.3333333e-01   1.0000000e-05   1.0000000e-05   3.3333333e-01
   1.0000000e-05   1.0000000e-05   1.0000000e-05   1.0000000e-05   1.0000000e-05   1.0000000e-05   3.3333333e-01   1.0000000e-05   3.3333333e-01   1.0000000e-05   1.0000000e-05   3.3333333e-01
   1.0000000e-05   1.0000000e-05   1.0000000e-05   1.0000000e-05   1.0000000e-05   1.0000000e-05   1.0000000e-05   3.3333333e-01   3.3333333e-01   1.0000000e-05   1.0000000e-05   3.3333333e-01
   1.0000000e-05   1.0000000e-05   1.0000000e-05   1.0000000e-05   1.0000000e-05   1.0000000e-05   1.0000000e-05   1.0000000e-05   6.6666667e-01   1.0000000e-05   1.0000000e-05   3.3333333e-01
   3.3333333e-01   1.0000000e-05   1.0000000e-05   1.0000000e-05   1.0000000e-05   1.0000000e-05   1.0000000e-05   1.0000000e-05   1.0000000e-05   3.3333333e-01   1.0000000e-05   3.3333333e-01
   1.0000000e-05   3.3333333e-01   1.0000000e-05   1.0000000e-05   1.0000000e-05   1.0000000e-05   1.0000000e-05   1.0000000e-05   1.0000000e-05   3.3333333e-01   1.0000000e-05   3.3333333e-01
   1.0000000e-05   1.0000000e-05   3.3333333e-01   1.0000000e-05   1.0000000e-05   1.0000000e-05   1.0000000e-05   1.0000000e-05   1.0000000e-05   3.3333333e-01   1.0000000e-05   3.3333333e-01
   1.0000000e-05   1.0000000e-05   1.0000000e-05   3.3333333e-01   1.0000000e-05   1.0000000e-05   1.0000000e-05   1.0000000e-05   1.0000000e-05   3.3333333e-01   1.0000000e-05   3.3333333e-01
   1.0000000e-05   1.0000000e-05   1.0000000e-05   1.0000000e-05   3.3333333e-01   1.0000000e-05   1.0000000e-05   1.0000000e-05   1.0000000e-05   3.3333333e-01   1.0000000e-05   3.3333333e-01
   1.0000000e-05   1.0000000e-05   1.0000000e-05   1.0000000e-05   1.0000000e-05   3.3333333e-01   1.0000000e-05   1.0000000e-05   1.0000000e-05   3.3333333e-01   1.0000000e-05   3.3333333e-01
   1.0000000e-05   1.0000000e-05   1.0000000e-05   1.0000000e-05   1.0000000e-05   1.0000000e-05   3.3333333e-01   1.0000000e-05   1.0000000e-05   3.3333333e-01   1.0000000e-05   3.3333333e-01
   1.0000000e-05   1.0000000e-05   1.0000000e-05   1.0000000e-05   1.0000000e-05   1.0000000e-05   1.0000000e-05   3.3333333e-01   1.0000000e-05   3.3333333e-01   1.0000000e-05   3.3333333e-01
   1.0000000e-05   1.0000000e-05   1.0000000e-05   1.0000000e-05   1.0000000e-05   1.0000000e-05   1.0000000e-05   1.0000000e-05   3.3333333e-01   3.3333333e-01   1.0000000e-05   3.3333333e-01
   1.0000000e-05   1.0000000e-05   1.0000000e-05   1.0000000e-05   1.0000000e-05   1.0000000e-05   1.0000000e-05   1.0000000e-05   1.0000000e-05   6.6666667e-01   1.0000000e-05   3.3333333e-01
   3.3333333e-01   1.0000000e-05   1.0000000e-05   1.0000000e-05   1.0000000e-05   1.0000000e-05   1.0000000e-05   1.0000000e-05   1.0000000e-05   1.0000000e-05   3.3333333e-01   3.3333333e-01
   1.0000000e-05   3.3333333e-01   1.0000000e-05   1.0000000e-05   1.0000000e-05   1.0000000e-05   1.0000000e-05   1.0000000e-05   1.0000000e-05   1.0000000e-05   3.3333333e-01   3.3333333e-01
   1.0000000e-05   1.0000000e-05   3.3333333e-01   1.0000000e-05   1.0000000e-05   1.0000000e-05   1.0000000e-05   1.0000000e-05   1.0000000e-05   1.0000000e-05   3.3333333e-01   3.3333333e-01
   1.0000000e-05   1.0000000e-05   1.0000000e-05   3.3333333e-01   1.0000000e-05   1.0000000e-05   1.0000000e-05   1.0000000e-05   1.0000000e-05   1.0000000e-05   3.3333333e-01   3.3333333e-01
   1.0000000e-05   1.0000000e-05   1.0000000e-05   1.0000000e-05   3.3333333e-01   1.0000000e-05   1.0000000e-05   1.0000000e-05   1.0000000e-05   1.0000000e-05   3.3333333e-01   3.3333333e-01
   1.0000000e-05   1.0000000e-05   1.0000000e-05   1.0000000e-05   1.0000000e-05   3.3333333e-01   1.0000000e-05   1.0000000e-05   1.0000000e-05   1.0000000e-05   3.3333333e-01   3.3333333e-01
   1.0000000e-05   1.0000000e-05   1.0000000e-05   1.0000000e-05   1.0000000e-05   1.0000000e-05   3.3333333e-01   1.0000000e-05   1.0000000e-05   1.0000000e-05   3.3333333e-01   3.3333333e-01
   1.0000000e-05   1.0000000e-05   1.0000000e-05   1.0000000e-05   1.0000000e-05   1.0000000e-05   1.0000000e-05   3.3333333e-01   1.0000000e-05   1.0000000e-05   3.3333333e-01   3.3333333e-01
   1.0000000e-05   1.0000000e-05   1.0000000e-05   1.0000000e-05   1.0000000e-05   1.0000000e-05   1.0000000e-05   1.0000000e-05   3.3333333e-01   1.0000000e-05   3.3333333e-01   3.3333333e-01
   1.0000000e-05   1.0000000e-05   1.0000000e-05   1.0000000e-05   1.0000000e-05   1.0000000e-05   1.0000000e-05   1.0000000e-05   1.0000000e-05   3.3333333e-01   3.3333333e-01   3.3333333e-01
   1.0000000e-05   1.0000000e-05   1.0000000e-05   1.0000000e-05   1.0000000e-05   1.0000000e-05   1.0000000e-05   1.0000000e-05   1.0000000e-05   1.0000000e-05   6.6666667e-01   3.3333333e-01
   3.3333333e-01   1.0000000e-05   1.0000000e-05   1.0000000e-05   1.0000000e-05   1.0000000e-05   1.0000000e-05   1.0000000e-05   1.0000000e-05   1.0000000e-05   1.0000000e-05   6.6666667e-01
   1.0000000e-05   3.3333333e-01   1.0000000e-05   1.0000000e-05   1.0000000e-05   1.0000000e-05   1.0000000e-05   1.0000000e-05   1.0000000e-05   1.0000000e-05   1.0000000e-05   6.6666667e-01
   1.0000000e-05   1.0000000e-05   3.3333333e-01   1.0000000e-05   1.0000000e-05   1.0000000e-05   1.0000000e-05   1.0000000e-05   1.0000000e-05   1.0000000e-05   1.0000000e-05   6.6666667e-01
   1.0000000e-05   1.0000000e-05   1.0000000e-05   3.3333333e-01   1.0000000e-05   1.0000000e-05   1.0000000e-05   1.0000000e-05   1.0000000e-05   1.0000000e-05   1.0000000e-05   6.6666667e-01
   1.0000000e-05   1.0000000e-05   1.0000000e-05   1.0000000e-05   3.3333333e-01   1.0000000e-05   1.0000000e-05   1.0000000e-05   1.0000000e-05   1.0000000e-05   1.0000000e-05   6.6666667e-01
   1.0000000e-05   1.0000000e-05   1.0000000e-05   1.0000000e-05   1.0000000e-05   3.3333333e-01   1.0000000e-05   1.0000000e-05   1.0000000e-05   1.0000000e-05   1.0000000e-05   6.6666667e-01
   1.0000000e-05   1.0000000e-05   1.0000000e-05   1.0000000e-05   1.0000000e-05   1.0000000e-05   3.3333333e-01   1.0000000e-05   1.0000000e-05   1.0000000e-05   1.0000000e-05   6.6666667e-01
   1.0000000e-05   1.0000000e-05   1.0000000e-05   1.0000000e-05   1.0000000e-05   1.0000000e-05   1.0000000e-05   3.3333333e-01   1.0000000e-05   1.0000000e-05   1.0000000e-05   6.6666667e-01
   1.0000000e-05   1.0000000e-05   1.0000000e-05   1.0000000e-05   1.0000000e-05   1.0000000e-05   1.0000000e-05   1.0000000e-05   3.3333333e-01   1.0000000e-05   1.0000000e-05   6.6666667e-01
   1.0000000e-05   1.0000000e-05   1.0000000e-05   1.0000000e-05   1.0000000e-05   1.0000000e-05   1.0000000e-05   1.0000000e-05   1.0000000e-05   3.3333333e-01   1.0000000e-05   6.6666667e-01
   1.0000000e-05   1.0000000e-05   1.0000000e-05   1.0000000e-05   1.0000000e-05   1.0000000e-05   1.0000000e-05   1.0000000e-05   1.0000000e-05   1.0000000e-05   3.3333333e-01   6.6666667e-01
   1.0000000e-05   1.0000000e-05   1.0000000e-05   1.0000000e-05   1.0000000e-05   1.0000000e-05   1.0000000e-05   1.0000000e-05   1.0000000e-05   1.0000000e-05   1.0000000e-05   1.0000000e+00
   5.4166667e-01   4.1671667e-02   4.1671667e-02   4.1671667e-02   4.1671667e-02   4.1671667e-02   4.1671667e-02   4.1671667e-02   4.1671667e-02   4.1671667e-02   4.1671667e-02   4.1671667e-02
   2.9166667e-01   2.9166667e-01   4.1671667e-02   4.1671667e-02   4.1671667e-02   4.1671667e-02   4.1671667e-02   4.1671667e-02   4.1671667e-02   4.1671667e-02   4.1671667e-02   4.1671667e-02
   4.1671667e-02   5.4166667e-01   4.1671667e-02   4.1671667e-02   4.1671667e-02   4.1671667e-02   4.1671667e-02   4.1671667e-02   4.1671667e-02   4.1671667e-02   4.1671667e-02   4.1671667e-02
   2.9166667e-01   4.1671667e-02   2.9166667e-01   4.1671667e-02   4.1671667e-02   4.1671667e-02   4.1671667e-02   4.1671667e-02   4.1671667e-02   4.1671667e-02   4.1671667e-02   4.1671667e-02
   4.1671667e-02   2.9166667e-01   2.9166667e-01   4.1671667e-02   4.1671667e-02   4.1671667e-02   4.1671667e-02   4.1671667e-02   4.1671667e-02   4.1671667e-02   4.1671667e-02   4.1671667e-02
   4.1671667e-02   4.1671667e-02   5.4166667e-01   4.1671667e-02   4.1671667e-02   4.1671667e-02   4.1671667e-02   4.1671667e-02   4.1671667e-02   4.1671667e-02   4.1671667e-02   4.1671667e-02
   2.9166667e-01   4.1671667e-02   4.1671667e-02   2.9166667e-01   4.1671667e-02   4.1671667e-02   4.1671667e-02   4.1671667e-02   4.1671667e-02   4.1671667e-02   4.1671667e-02   4.1671667e-02
   4.1671667e-02   2.9166667e-01   4.1671667e-02   2.9166667e-01   4.1671667e-02   4.1671667e-02   4.1671667e-02   4.1671667e-02   4.1671667e-02   4.1671667e-02   4.1671667e-02   4.1671667e-02
   4.1671667e-02   4.1671667e-02   2.9166667e-01   2.9166667e-01   4.1671667e-02   4.1671667e-02   4.1671667e-02   4.1671667e-02   4.1671667e-02   4.1671667e-02   4.1671667e-02   4.1671667e-02
   4.1671667e-02   4.1671667e-02   4.1671667e-02   5.4166667e-01   4.1671667e-02   4.1671667e-02   4.1671667e-02   4.1671667e-02   4.1671667e-02   4.1671667e-02   4.1671667e-02   4.1671667e-02
   2.9166667e-01   4.1671667e-02   4.1671667e-02   4.1671667e-02   2.9166667e-01   4.1671667e-02   4.1671667e-02   4.1671667e-02   4.1671667e-02   4.1671667e-02   4.1671667e-02   4.1671667e-02
   4.1671667e-02   2.9166667e-01   4.1671667e-02   4.1671667e-02   2.9166667e-01   4.1671667e-02   4.1671667e-02   4.1671667e-02   4.1671667e-02   4.1671667e-02   4.1671667e-02   4.1671667e-02
   4.1671667e-02   4.1671667e-02   2.9166667e-01   4.1671667e-02   2.9166667e-01   4.1671667e-02   4.1671667e-02   4.1671667e-02   4.1671667e-02   4.1671667e-02   4.1671667e-02   4.1671667e-02
   4.1671667e-02   4.1671667e-02   4.1671667e-02   2.9166667e-01   2.9166667e-01   4.1671667e-02   4.1671667e-02   4.1671667e-02   4.1671667e-02   4.1671667e-02   4.1671667e-02   4.1671667e-02
   4.1671667e-02   4.1671667e-02   4.1671667e-02   4.1671667e-02   5.4166667e-01   4.1671667e-02   4.1671667e-02   4.1671667e-02   4.1671667e-02   4.1671667e-02   4.1671667e-02   4.1671667e-02
   2.9166667e-01   4.1671667e-02   4.1671667e-02   4.1671667e-02   4.1671667e-02   2.9166667e-01   4.1671667e-02   4.1671667e-02   4.1671667e-02   4.1671667e-02   4.1671667e-02   4.1671667e-02
   4.1671667e-02   2.9166667e-01   4.1671667e-02   4.1671667e-02   4.1671667e-02   2.9166667e-01   4.1671667e-02   4.1671667e-02   4.1671667e-02   4.1671667e-02   4.1671667e-02   4.1671667e-02
   4.1671667e-02   4.1671667e-02   2.9166667e-01   4.1671667e-02   4.1671667e-02   2.9166667e-01   4.1671667e-02   4.1671667e-02   4.1671667e-02   4.1671667e-02   4.1671667e-02   4.1671667e-02
   4.1671667e-02   4.1671667e-02   4.1671667e-02   2.9166667e-01   4.1671667e-02   2.9166667e-01   4.1671667e-02   4.1671667e-02   4.1671667e-02   4.1671667e-02   4.1671667e-02   4.1671667e-02
   4.1671667e-02   4.1671667e-02   4.1671667e-02   4.1671667e-02   2.9166667e-01   2.9166667e-01   4.1671667e-02   4.1671667e-02   4.1671667e-02   4.1671667e-02   4.1671667e-02   4.1671667e-02
   4.1671667e-02   4.1671667e-02   4.1671667e-02   4.1671667e-02   4.1671667e-02   5.4166667e-01   4.1671667e-02   4.1671667e-02   4.1671667e-02   4.1671667e-02   4.1671667e-02   4.1671667e-02
   2.9166667e-01   4.1671667e-02   4.1671667e-02   4.1671667e-02   4.1671667e-02   4.1671667e-02   2.9166667e-01   4.1671667e-02   4.1671667e-02   4.1671667e-02   4.1671667e-02   4.1671667e-02
   4.1671667e-02   2.9166667e-01   4.1671667e-02   4.1671667e-02   4.1671667e-02   4.1671667e-02   2.9166667e-01   4.1671667e-02   4.1671667e-02   4.1671667e-02   4.1671667e-02   4.1671667e-02
   4.1671667e-02   4.1671667e-02   2.9166667e-01   4.1671667e-02   4.1671667e-02   4.1671667e-02   2.9166667e-01   4.1671667e-02   4.1671667e-02   4.1671667e-02   4.1671667e-02   4.1671667e-02
   4.1671667e-02   4.1671667e-02   4.1671667e-02   2.9166667e-01   4.1671667e-02   4.1671667e-02   2.9166667e-01   4.1671667e-02   4.1671667e-02   4.1671667e-02   4.1671667e-02   4.1671667e-02
   4.1671667e-02   4.1671667e-02   4.1671667e-02   4.1671667e-02   2.9166667e-01   4.1671667e-02   2.9166667e-01   4.1671667e-02   4.1671667e-02   4.1671667e-02   4.1671667e-02   4.1671667e-02
   4.1671667e-02   4.1671667e-02   4.1671667e-02   4.1671667e-02   4.1671667e-02   2.9166667e-01   2.9166667e-01   4.1671667e-02   4.1671667e-02   4.1671667e-02   4.1671667e-02   4.1671667e-02
   4.1671667e-02   4.1671667e-02   4.1671667e-02   4.1671667e-02   4.1671667e-02   4.1671667e-02   5.4166667e-01   4.1671667e-02   4.1671667e-02   4.1671667e-02   4.1671667e-02   4.1671667e-02
   2.9166667e-01   4.1671667e-02   4.1671667e-02   4.1671667e-02   4.1671667e-02   4.1671667e-02   4.1671667e-02   2.9166667e-01   4.1671667e-02   4.1671667e-02   4.1671667e-02   4.1671667e-02
   4.1671667e-02   2.9166667e-01   4.1671667e-02   4.1671667e-02   4.1671667e-02   4.1671667e-02   4.1671667e-02   2.9166667e-01   4.1671667e-02   4.1671667e-02   4.1671667e-02   4.1671667e-02
   4.1671667e-02   4.1671667e-02   2.9166667e-01   4.1671667e-02   4.1671667e-02   4.1671667e-02   4.1671667e-02   2.9166667e-01   4.1671667e-02   4.1671667e-02   4.1671667e-02   4.1671667e-02
   4.1671667e-02   4.1671667e-02   4.1671667e-02   2.9166667e-01   4.1671667e-02   4.1671667e-02   4.1671667e-02   2.9166667e-01   4.1671667e-02   4.1671667e-02   4.1671667e-02   4.1671667e-02
   4.1671667e-02   4.1671667e-02   4.1671667e-02   4.1671667e-02   2.9166667e-01   4.1671667e-02   4.1671667e-02   2.9166667e-01   4.1671667e-02   4.1671667e-02   4.1671667e-02   4.1671667e-02
   4.1671667e-02   4.1671667e-02   4.1671667e-02   4.1671667e-02   4.1671667e-02   2.9166667e-01   4.1671667e-02   2.9166667e-01   4.1671667e-02   4.1671667e-02   4.1671667e-02   4.1671667e-02
   4.1671667e-02   4.1671667e-02   4.1671667e-02   4.1671667e-02   4.1671667e-02   4.1671667e-02   2.9166667e-01   2.9166667e-01   4.1671667e-02   4.1671667e-02   4.1671667e-02   4.1671667e-02
   4.1671667e-02   4.1671667e-02   4.1671667e-02   4.1671667e-02   4.1671667e-02   4.1671667e-02   4.1671667e-02   5.4166667e-01   4.1671667e-02   4.1671667e-02   4.1671667e-02   4.1671667e-02
   2.9166667e-01   4.1671667e-02   4.1671667e-02   4.1671667e-02   4.1671667e-02   4.1671667e-02   4.1671667e-02   4.1671667e-02   2.9166667e-01   4.1671667e-02   4.1671667e-02   4.1671667e-02
   4.1671667e-02   2.9166667e-01   4.1671667e-02   4.1671667e-02   4.1671667e-02   4.1671667e-02   4.1671667e-02   4.1671667e-02   2.9166667e-01   4.1671667e-02   4.1671667e-02   4.1671667e-02
   4.1671667e-02   4.1671667e-02   2.9166667e-01   4.1671667e-02   4.1671667e-02   4.1671667e-02   4.1671667e-02   4.1671667e-02   2.9166667e-01   4.1671667e-02   4.1671667e-02   4.1671667e-02
   4.1671667e-02   4.1671667e-02   4.1671667e-02   2.9166667e-01   4.1671667e-02   4.1671667e-02   4.1671667e-02   4.1671667e-02   2.9166667e-01   4.1671667e-02   4.1671667e-02   4.1671667e-02
   4.1671667e-02   4.1671667e-02   4.1671667e-02   4.1671667e-02   2.9166667e-01   4.1671667e-02   4.1671667e-02   4.1671667e-02   2.9166667e-01   4.1671667e-02   4.1671667e-02   4.1671667e-02
   4.1671667e-02   4.1671667e-02   4.1671667e-02   4.1671667e-02   4.1671667e-02   2.9166667e-01   4.1671667e-02   4.1671667e-02   2.9166667e-01   4.1671667e-02   4.1671667e-02   4.1671667e-02
   4.1671667e-02   4.1671667e-02   4.1671667e-02   4.1671667e-02   4.1671667e-02   4.1671667e-02   2.9166667e-01   4.1671667e-02   2.9166667e-01   4.1671667e-02   4.1671667e-02   4.1671667e-02
   4.1671667e-02   4.1671667e-02   4.1671667e-02   4.1671667e-02   4.1671667e-02   4.1671667e-02   4.1671667e-02   2.9166667e-01   2.9166667e-01   4.1671667e-02   4.1671667e-02   4.1671667e-02
   4.1671667e-02   4.1671667e-02   4.1671667e-02   4.1671667e-02   4.1671667e-02   4.1671667e-02   4.1671667e-02   4.1671667e-02   5.4166667e-01   4.1671667e-02   4.1671667e-02   4.1671667e-02
   2.9166667e-01   4.1671667e-02   4.1671667e-02   4.1671667e-02   4.1671667e-02   4.1671667e-02   4.1671667e-02   4.1671667e-02   4.1671667e-02   2.9166667e-01   4.1671667e-02   4.1671667e-02
   4.1671667e-02   2.9166667e-01   4.1671667e-02   4.1671667e-02   4.1671667e-02   4.1671667e-02   4.1671667e-02   4.1671667e-02   4.1671667e-02   2.9166667e-01   4.1671667e-02   4.1671667e-02
   4.1671667e-02   4.1671667e-02   2.9166667e-01   4.1671667e-02   4.1671667e-02   4.1671667e-02   4.1671667e-02   4.1671667e-02   4.1671667e-02   2.9166667e-01   4.1671667e-02   4.1671667e-02
   4.1671667e-02   4.1671667e-02   4.1671667e-02   2.9166667e-01   4.1671667e-02   4.1671667e-02   4.1671667e-02   4.1671667e-02   4.1671667e-02   2.9166667e-01   4.1671667e-02   4.1671667e-02
   4.1671667e-02   4.1671667e-02   4.1671667e-02   4.1671667e-02   2.9166667e-01   4.1671667e-02   4.1671667e-02   4.1671667e-02   4.1671667e-02   2.9166667e-01   4.1671667e-02   4.1671667e-02
   4.1671667e-02   4.1671667e-02   4.1671667e-02   4.1671667e-02   4.1671667e-02   2.9166667e-01   4.1671667e-02   4.1671667e-02   4.1671667e-02   2.9166667e-01   4.1671667e-02   4.1671667e-02
   4.1671667e-02   4.1671667e-02   4.1671667e-02   4.1671667e-02   4.1671667e-02   4.1671667e-02   2.9166667e-01   4.1671667e-02   4.1671667e-02   2.9166667e-01   4.1671667e-02   4.1671667e-02
   4.1671667e-02   4.1671667e-02   4.1671667e-02   4.1671667e-02   4.1671667e-02   4.1671667e-02   4.1671667e-02   2.9166667e-01   4.1671667e-02   2.9166667e-01   4.1671667e-02   4.1671667e-02
   4.1671667e-02   4.1671667e-02   4.1671667e-02   4.1671667e-02   4.1671667e-02   4.1671667e-02   4.1671667e-02   4.1671667e-02   2.9166667e-01   2.9166667e-01   4.1671667e-02   4.1671667e-02
   4.1671667e-02   4.1671667e-02   4.1671667e-02   4.1671667e-02   4.1671667e-02   4.1671667e-02   4.1671667e-02   4.1671667e-02   4.1671667e-02   5.4166667e-01   4.1671667e-02   4.1671667e-02
   2.9166667e-01   4.1671667e-02   4.1671667e-02   4.1671667e-02   4.1671667e-02   4.1671667e-02   4.1671667e-02   4.1671667e-02   4.1671667e-02   4.1671667e-02   2.9166667e-01   4.1671667e-02
   4.1671667e-02   2.9166667e-01   4.1671667e-02   4.1671667e-02   4.1671667e-02   4.1671667e-02   4.1671667e-02   4.1671667e-02   4.1671667e-02   4.1671667e-02   2.9166667e-01   4.1671667e-02
   4.1671667e-02   4.1671667e-02   2.9166667e-01   4.1671667e-02   4.1671667e-02   4.1671667e-02   4.1671667e-02   4.1671667e-02   4.1671667e-02   4.1671667e-02   2.9166667e-01   4.1671667e-02
   4.1671667e-02   4.1671667e-02   4.1671667e-02   2.9166667e-01   4.1671667e-02   4.1671667e-02   4.1671667e-02   4.1671667e-02   4.1671667e-02   4.1671667e-02   2.9166667e-01   4.1671667e-02
   4.1671667e-02   4.1671667e-02   4.1671667e-02   4.1671667e-02   2.9166667e-01   4.1671667e-02   4.1671667e-02   4.1671667e-02   4.1671667e-02   4.1671667e-02   2.9166667e-01   4.1671667e-02
   4.1671667e-02   4.1671667e-02   4.1671667e-02   4.1671667e-02   4.1671667e-02   2.9166667e-01   4.1671667e-02   4.1671667e-02   4.1671667e-02   4.1671667e-02   2.9166667e-01   4.1671667e-02
   4.1671667e-02   4.1671667e-02   4.1671667e-02   4.1671667e-02   4.1671667e-02   4.1671667e-02   2.9166667e-01   4.1671667e-02   4.1671667e-02   4.1671667e-02   2.9166667e-01   4.1671667e-02
   4.1671667e-02   4.1671667e-02   4.1671667e-02   4.1671667e-02   4.1671667e-02   4.1671667e-02   4.1671667e-02   2.9166667e-01   4.1671667e-02   4.1671667e-02   2.9166667e-01   4.1671667e-02
   4.1671667e-02   4.1671667e-02   4.1671667e-02   4.1671667e-02   4.1671667e-02   4.1671667e-02   4.1671667e-02   4.1671667e-02   2.9166667e-01   4.1671667e-02   2.9166667e-01   4.1671667e-02
   4.1671667e-02   4.1671667e-02   4.1671667e-02   4.1671667e-02   4.1671667e-02   4.1671667e-02   4.1671667e-02   4.1671667e-02   4.1671667e-02   2.9166667e-01   2.9166667e-01   4.1671667e-02
   4.1671667e-02   4.1671667e-02   4.1671667e-02   4.1671667e-02   4.1671667e-02   4.1671667e-02   4.1671667e-02   4.1671667e-02   4.1671667e-02   4.1671667e-02   5.4166667e-01   4.1671667e-02
   2.9166667e-01   4.1671667e-02   4.1671667e-02   4.1671667e-02   4.1671667e-02   4.1671667e-02   4.1671667e-02   4.1671667e-02   4.1671667e-02   4.1671667e-02   4.1671667e-02   2.9166667e-01
   4.1671667e-02   2.9166667e-01   4.1671667e-02   4.1671667e-02   4.1671667e-02   4.1671667e-02   4.1671667e-02   4.1671667e-02   4.1671667e-02   4.1671667e-02   4.1671667e-02   2.9166667e-01
   4.1671667e-02   4.1671667e-02   2.9166667e-01   4.1671667e-02   4.1671667e-02   4.1671667e-02   4.1671667e-02   4.1671667e-02   4.1671667e-02   4.1671667e-02   4.1671667e-02   2.9166667e-01
   4.1671667e-02   4.1671667e-02   4.1671667e-02   2.9166667e-01   4.1671667e-02   4.1671667e-02   4.1671667e-02   4.1671667e-02   4.1671667e-02   4.1671667e-02   4.1671667e-02   2.9166667e-01
   4.1671667e-02   4.1671667e-02   4.1671667e-02   4.1671667e-02   2.9166667e-01   4.1671667e-02   4.1671667e-02   4.1671667e-02   4.1671667e-02   4.1671667e-02   4.1671667e-02   2.9166667e-01
   4.1671667e-02   4.1671667e-02   4.1671667e-02   4.1671667e-02   4.1671667e-02   2.9166667e-01   4.1671667e-02   4.1671667e-02   4.1671667e-02   4.1671667e-02   4.1671667e-02   2.9166667e-01
   4.1671667e-02   4.1671667e-02   4.1671667e-02   4.1671667e-02   4.1671667e-02   4.1671667e-02   2.9166667e-01   4.1671667e-02   4.1671667e-02   4.1671667e-02   4.1671667e-02   2.9166667e-01
   4.1671667e-02   4.1671667e-02   4.1671667e-02   4.1671667e-02   4.1671667e-02   4.1671667e-02   4.1671667e-02   2.9166667e-01   4.1671667e-02   4.1671667e-02   4.1671667e-02   2.9166667e-01
   4.1671667e-02   4.1671667e-02   4.1671667e-02   4.1671667e-02   4.1671667e-02   4.1671667e-02   4.1671667e-02   4.1671667e-02   2.9166667e-01   4.1671667e-02   4.1671667e-02   2.9166667e-01
   4.1671667e-02   4.1671667e-02   4.1671667e-02   4.1671667e-02   4.1671667e-02   4.1671667e-02   4.1671667e-02   4.1671667e-02   4.1671667e-02   2.9166667e-01   4.1671667e-02   2.9166667e-01
   4.1671667e-02   4.1671667e-02   4.1671667e-02   4.1671667e-02   4.1671667e-02   4.1671667e-02   4.1671667e-02   4.1671667e-02   4.1671667e-02   4.1671667e-02   2.9166667e-01   2.9166667e-01
   4.1671667e-02   4.1671667e-02   4.1671667e-02   4.1671667e-02   4.1671667e-02   4.1671667e-02   4.1671667e-02   4.1671667e-02   4.1671667e-02   4.1671667e-02   4.1671667e-02   5.4166667e-01
